Position	ConsistencyIndex	CountsACGT	MinimumNumberChangesOnTree
140	0.5	0:12526:0:4	2
150	0.2	0:11:0:12557	5
153	0.16666666666666666	0:0:12:12559	6
160	0.5	3:0:12565:7	4
162	0.5	0:12574:0:2	2
167	0.6666666666666666	0:1:12575:2	3
174	0.5	2:0:12585:3	4
186	0.5	1:12587:0:5	4
187	0.25	12492:0:101:0	4
199	0.5	0:1:12596:3	4
203	0.2857142857142857	0:12581:1:8	7
204	0.5	0:1:12585:4	4
208	0.5	0:0:12588:4	2
210	0.5	0:1:12581:6	4
218	0.5	0:12574:0:5	2
219	0.25	0:0:12573:5	4
221	0.6666666666666666	0:2:1:12578	3
222	0.3333333333333333	0:12572:0:6	3
228	0.2	0:12555:0:16	5
235	0.5	12580:0:2:0	2
241	0.047619047619047616	0:3923:0:8629	21
242	0.5	0:0:12571:3	2
252	0.5	0:0:12571:2	2
274	0.6666666666666666	2:12600:0:4	3
300	0.3333333333333333	0:12605:0:4	3
302	0.5	0:12600:0:7	2
313	0.1111111111111111	0:12466:0:143	9
319	0.5	2:0:12611:0	2
334	0.5	0:3:0:12613	2
335	0.16666666666666666	0:12606:0:8	6
337	0.2	0:12608:0:6	5
344	0.5	0:12615:0:2	2
354	0.5	5:0:12611:0	2
362	0.5	6:0:12614:0	2
373	0.5	3:0:12616:0	2
379	0.3333333333333333	46:12573:0:0	3
398	0.5	0:12613:0:7	2
443	0.5	2:0:12619:0	2
449	0.5	0:12619:0:2	2
486	0.5	0:12619:0:2	2
490	0.5	130:0:0:12489	2
512	0.5	0:12611:0:2	2
514	0.16666666666666666	0:114:0:12491	6
520	0.125	0:0:12581:10	8
527	0.16666666666666666	0:12614:0:6	6
539	0.5	0:12611:0:2	2
541	0.2	0:12610:0:12	5
544	0.5	12615:0:3:0	2
556	0.5	0:12622:0:2	2
583	0.14285714285714285	0:12603:0:16	7
586	0.5	0:4:0:12615	2
598	0.3333333333333333	0:0:12617:4	3
606	0.5	0:2:0:12618	2
614	0.6666666666666666	3:0:12618:1	3
619	0.5	0:12607:0:15	2
635	0.16666666666666666	0:12602:0:11	6
643	0.5	0:12620:0:3	2
673	0.5	0:12623:0:2	2
677	0.2	5:0:12621:0	5
679	0.5	0:12622:0:4	2
680	0.3333333333333333	5:0:12620:0	3
683	0.14285714285714285	0:12616:0:9	7
703	0.5	0:12623:0:2	2
713	0.5	0:0:12622:3	2
721	0.5	0:2:0:12624	2
761	0.2	12616:0:9:0	5
799	0.3333333333333333	0:12622:0:4	3
823	0.25	0:12611:0:13	4
829	0.16666666666666666	0:12617:0:7	6
832	0.3333333333333333	0:12612:0:13	3
835	0.16666666666666666	0:12617:0:7	6
845	0.5	0:0:12624:2	2
848	0.5	0:0:12623:3	2
850	0.5	0:12623:0:3	2
853	0.5	0:12624:0:2	2
854	0.5	0:12624:0:2	2
875	0.5	0:12622:0:4	2
884	0.25	0:12578:0:46	4
900	0.5	0:12624:0:2	2
913	0.5	0:12615:0:10	2
920	0.5	0:12621:0:4	2
922	0.5	6:0:12619:1	4
934	0.5	0:12624:0:2	2
936	0.16666666666666666	0:12618:0:8	6
957	0.5	6:0:12620:0	2
959	0.5	0:12623:0:2	2
988	0.5	0:12602:0:24	2
1059	0.07692307692307693	0:9940:0:2671	13
1076	0.25	0:12572:0:51	4
1077	0.5	0:12621:0:2	2
1087	0.5	12623:0:2:0	2
1091	0.6666666666666666	1:12623:0:2	3
1101	0.5	0:12617:0:6	2
1102	0.6666666666666666	1:12618:0:4	3
1123	0.5	12622:0:2:0	2
1125	0.5	2:0:12622:0	2
1148	0.5	1:0:12616:7	4
1150	0.25	0:12615:0:9	4
1165	0.5	0:3:0:12619	2
1170	0.25	0:12602:0:16	4
1177	0.5	0:3:0:12618	2
1190	0.2	0:12615:0:8	5
1191	0.2	0:12612:0:9	5
1218	0.125	0:12605:0:15	8
1230	0.5	12619:0:2:0	2
1263	0.5	0:12623:0:2	2
1264	0.6666666666666666	1:0:12621:2	3
1267	0.25	0:12621:0:4	4
1270	0.5	0:2:0:12623	2
1281	0.3333333333333333	0:12621:0:3	3
1288	0.3333333333333333	0:12622:0:3	3
1302	0.14285714285714285	0:12560:0:65	7
1308	0.5	12624:0:2:0	2
1314	0.2	0:12603:0:23	5
1342	0.3333333333333333	0:12619:0:4	3
1346	0.6666666666666666	1:12618:0:4	3
1380	0.5	0:12622:0:3	2
1385	0.3333333333333333	0:12621:0:4	3
1387	0.2	0:12616:0:8	5
1392	0.3333333333333333	0:12617:0:7	3
1397	0.3333333333333333	159:0:12466:0	3
1401	0.5	19:0:12607:0	2
1404	0.3333333333333333	0:12623:0:3	3
1419	0.5	0:12623:0:3	2
1420	0.5	0:12618:0:6	2
1427	0.14285714285714285	0:12605:0:21	7
1437	0.2	0:12594:0:31	5
1439	0.3333333333333333	0:0:12622:3	3
1441	0.25	0:12619:0:7	4
1457	0.16666666666666666	0:12608:0:17	6
1469	0.2	0:12616:0:10	5
1471	0.5	0:12623:0:2	2
1473	0.3333333333333333	0:12622:0:4	3
1514	0.25	1:12610:0:13	8
1515	0.5	12559:0:63:0	2
1519	0.5	0:12623:0:2	2
1535	0.5	2:0:12623:0	2
1545	0.3333333333333333	0:12622:0:3	3
1547	0.5	12616:0:7:0	2
1570	0.5	0:11:0:12614	2
1580	0.5	2:0:12621:0	2
1592	0.6666666666666666	1:2:0:12621	3
1593	0.2	0:12616:0:6	5
1594	0.3333333333333333	0:12598:0:26	3
1595	0.5	4:0:12620:0	2
1598	0.6666666666666666	2:1:12620:0	3
1612	0.5	0:12623:0:2	2
1625	0.3333333333333333	0:12615:0:8	3
1646	0.5	12621:0:3:0	2
1648	0.5	0:12621:0:3	2
1681	0.5	2:0:12622:0	2
1684	0.3333333333333333	0:12602:0:23	3
1685	0.5	3:0:12623:0	2
1691	0.2	12611:0:6:0	5
1707	0.5	0:12609:0:5	2
1710	0.5	0:12624:0:2	2
1722	0.3333333333333333	0:12618:0:6	3
1734	0.3333333333333333	0:12622:0:3	3
1758	0.3333333333333333	0:12620:0:4	3
1779	0.3333333333333333	0:12622:0:3	3
1812	0.3333333333333333	0:12623:0:3	3
1820	0.09090909090909091	29:0:12595:0	11
1835	0.5	2:0:12624:0	2
1848	0.5	0:12623:0:2	2
1869	0.5	0:12623:0:2	2
1878	0.5	0:12623:0:2	2
1884	0.2	0:12616:0:9	5
1887	0.3333333333333333	0:12609:0:14	3
1904	0.5	12608:0:17:0	2
1909	0.25	0:12615:0:7	4
1911	0.2	0:12619:0:6	5
1912	0.07692307692307693	0:12589:0:35	13
1917	0.3333333333333333	0:12589:0:36	3
1929	0.3333333333333333	0:12618:0:6	3
1944	0.5	2:0:12623:0	2
1968	0.3333333333333333	0:12621:0:3	3
1997	0.3333333333333333	0:12620:0:5	3
2003	0.2	0:12617:0:8	5
2018	0.5	12607:0:18:0	2
2035	0.5	0:0:12623:2	2
2037	0.5	0:12622:0:3	2
2062	0.3333333333333333	0:12620:0:4	3
2070	0.5	0:12623:0:2	2
2086	0.5	0:0:12623:2	2
2091	0.16666666666666666	0:12612:0:7	6
2094	0.3333333333333333	0:12613:0:5	3
2100	0.5	0:0:12621:4	2
2110	0.2	0:12617:0:5	5
2113	0.2	0:12595:0:30	5
2156	0.5	0:12624:0:2	2
2164	0.6666666666666666	31:0:12589:3	3
2189	0.25	0:12617:0:6	4
2198	0.25	7:0:12608:0	4
2232	0.5	0:12620:0:3	2
2249	0.5	2:0:12622:0	2
2293	0.3333333333333333	0:0:12620:5	3
2306	0.2	0:12619:0:5	5
2334	0.3333333333333333	0:12622:0:3	3
2388	0.25	0:12619:0:4	4
2416	0.5	0:12403:0:220	2
2445	0.25	0:12620:0:4	4
2447	0.6666666666666666	6:0:12614:1	3
2453	0.5	0:12622:0:3	2
2455	0.25	0:12615:0:10	4
2469	0.3333333333333333	0:12623:0:3	3
2480	0.5	12079:0:536:0	2
2485	0.16666666666666666	0:12619:0:7	6
2507	0.5	0:12621:0:5	2
2508	0.2	0:12616:0:10	5
2509	0.5	0:12624:0:2	2
2523	0.2	0:12614:0:12	5
2527	0.5	2:0:12619:4	4
2528	0.5	3:0:12623:0	2
2534	0.5	2:0:12624:0	2
2536	0.3333333333333333	0:12623:0:3	3
2558	0.5	0:12048:0:566	2
2565	0.5	12620:0:3:0	2
2574	0.5	0:12612:0:3	2
2632	0.3333333333333333	0:0:12608:3	3
2638	0.5	0:12603:0:2	2
2644	0.5	0:12604:0:2	2
2659	0.5	0:0:12602:2	2
2676	0.5	0:12592:0:11	2
2695	0.25	0:12599:0:4	4
2698	0.5	0:2:0:12602	2
2706	0.25	0:12589:0:14	4
2723	0.5	0:12599:0:3	2
2724	0.3333333333333333	0:12599:0:4	3
2773	0.5	0:12603:0:5	2
2775	0.3333333333333333	12594:0:14:0	3
2782	0.5	0:0:12605:2	2
2790	0.5	0:12602:0:3	2
2809	0.3333333333333333	0:0:12599:3	3
2842	0.5	0:12614:0:2	2
2878	0.5	0:12624:0:2	2
2880	0.5	0:12624:0:2	2
2902	0.5	0:12623:0:2	2
2910	0.5	0:12624:0:2	2
2914	0.5	2:0:12624:0	2
2918	0.5	0:12624:0:2	2
2922	0.5	0:2:0:12624	2
2933	0.3333333333333333	0:12620:0:5	3
2939	0.25	0:12620:0:6	4
2940	0.25	0:12602:0:24	4
2945	0.5	3:0:12621:2	4
2997	0.3333333333333333	0:12623:0:3	3
3037	0.041666666666666664	0:3985:0:8616	24
3040	0.5	0:12620:0:5	2
3045	0.5	0:12619:0:6	2
3052	0.6666666666666666	3:0:12619:3	3
3096	0.125	0:12602:0:22	8
3099	0.5	0:12623:0:2	2
3130	0.25	0:12618:0:5	4
3140	0.3333333333333333	0:12619:0:4	3
3145	0.2	0:0:12609:8	5
3176	0.2	0:12616:0:5	5
3177	0.2857142857142857	2:12486:0:132	7
3242	0.6666666666666666	2:0:12621:1	3
3250	0.5	0:0:12621:2	2
3251	0.3333333333333333	0:0:12616:8	3
3253	0.3333333333333333	0:12610:0:14	3
3259	0.6666666666666666	2:0:12622:2	3
3261	0.4	1:12611:0:13	5
3267	0.25	0:12620:0:5	4
3312	0.5	0:2:0:12624	2
3330	0.5	0:12622:0:2	2
3340	0.3333333333333333	0:0:12620:3	3
3365	0.3333333333333333	0:12622:0:3	3
3373	0.6666666666666666	57:12564:0:1	3
3393	0.25	0:12618:0:7	4
3411	0.3333333333333333	0:12621:0:5	3
3421	0.5	12622:0:3:0	2
3429	0.3333333333333333	0:12622:0:3	3
3466	0.5	0:4:0:12622	2
3518	0.5	0:0:12611:4	2
3558	0.5	12597:0:2:0	2
3564	0.05555555555555555	0:0:12550:37	18
3569	0.5	12599:0:2:0	2
3587	0.3333333333333333	0:12601:0:4	3
3593	0.5	0:12601:0:7	2
3602	0.3333333333333333	0:12606:0:3	3
3619	0.16666666666666666	0:12593:0:13	6
3622	0.3333333333333333	0:12605:0:3	3
3634	0.5	0:12597:0:4	2
3635	0.5	12598:0:2:0	2
3653	0.5	0:12578:0:3	2
3685	0.5	0:0:12566:2	2
3689	0.5	3:0:12565:0	2
3695	0.5	0:12565:0:2	2
3737	0.3333333333333333	0:12555:0:4	3
3738	0.3333333333333333	0:12554:0:4	3
3741	0.75	1:3:1:12553	4
3743	0.3333333333333333	0:12551:0:6	3
3766	0.5	0:2:0:12556	2
3768	0.14285714285714285	0:12547:0:8	7
3784	0.14285714285714285	0:12580:0:8	7
3787	0.16666666666666666	0:12568:0:21	6
3792	0.5	0:12588:0:6	2
3793	0.5	0:3:0:12591	2
3817	0.3333333333333333	0:12618:0:6	3
3828	0.5	0:12618:0:2	2
3866	0.5	0:12617:2:0	2
3871	0.2	0:0:12600:18	5
3874	0.25	0:12613:0:4	4
3889	0.5	12610:0:2:0	2
3903	0.16666666666666666	0:12603:0:15	6
3923	0.6666666666666666	3:12616:0:2	3
3931	0.3333333333333333	0:8:0:12613	3
3955	0.3333333333333333	1:0:12614:8	6
3982	0.5	0:2:0:12620	2
3987	0.5	0:12619:0:3	2
4050	0.16666666666666666	12617:8:0:0	6
4069	0.25	0:12620:0:5	4
4073	0.5	0:12622:0:2	2
4084	0.16666666666666666	0:12614:0:11	6
4105	0.5	0:0:12623:2	2
4113	0.25	0:12609:0:17	4
4148	0.5	0:0:12618:4	2
4158	0.3333333333333333	0:12621:0:4	3
4180	0.5	3:0:12620:2	4
4202	0.3333333333333333	0:12622:0:3	3
4206	0.5	0:12621:0:3	2
4207	0.4	3:0:12610:11	5
4230	0.6666666666666666	1:12621:0:2	3
4234	0.5	0:12623:0:2	2
4246	0.3333333333333333	0:12621:0:4	3
4252	0.5	0:12621:0:2	2
4255	0.5	1:0:12571:51	4
4269	0.5	12621:0:3:0	2
4276	0.3333333333333333	0:12620:0:4	3
4285	0.5	0:0:12620:4	2
4320	0.25	0:12593:0:27	4
4390	0.5	0:0:12603:23	2
4399	0.3333333333333333	0:0:12623:3	3
4400	0.5	0:12624:0:2	2
4402	0.5	0:16:0:12610	2
4423	0.3333333333333333	0:12622:0:4	3
4444	0.3333333333333333	0:0:12605:3	3
4455	0.2	0:12597:0:6	5
4456	0.25	0:12599:0:4	4
4457	0.5	12602:0:2:0	2
4467	0.3333333333333333	0:12599:0:4	3
4510	0.3333333333333333	2:1:12589:8	9
4540	0.2	0:12557:0:43	5
4543	0.3333333333333333	0:12600:0:3	3
4551	0.3333333333333333	0:12597:0:5	3
4582	0.5	0:12599:0:2	2
4586	0.25	0:12598:0:4	4
4630	0.5	0:2:0:12595	2
4631	0.5	3:0:12593:0	2
4633	0.3333333333333333	0:12594:0:4	3
4655	0.5	0:12605:0:4	2
4665	0.5	2:0:12618:0	2
4668	0.5	0:12599:0:21	2
4683	0.25	0:12616:0:8	4
4698	0.5	0:12620:0:2	2
4720	0.5	3:0:12614:7	4
4755	0.2	0:12613:0:10	5
4763	0.5	0:12622:0:2	2
4779	0.5	0:4:0:12620	2
4780	0.25	0:12620:0:4	4
4795	0.25	0:12620:0:4	4
4809	0.3333333333333333	0:12618:0:6	3
4827	0.5	0:12622:0:3	2
4838	0.3333333333333333	12608:0:17:0	3
4878	0.5	0:12622:0:2	2
4886	0.5	0:12623:0:2	2
4891	0.5	0:12622:0:2	2
4897	0.25	0:12620:0:5	4
4904	0.5	0:0:12622:2	2
4940	0.6666666666666666	1:12621:0:2	3
4965	0.5	0:12622:0:3	2
4993	0.5	0:12623:0:2	2
4999	0.3333333333333333	0:12615:0:3	3
5007	0.3333333333333333	0:12614:0:4	3
5008	0.6666666666666666	2:0:12614:1	3
5036	0.5	2:0:12622:0	2
5055	0.5	0:12621:0:3	2
5062	0.5	0:0:12607:16	2
5100	0.5	0:12615:0:2	2
5104	0.5	0:3:0:12619	2
5140	0.5	0:12622:0:2	2
5142	0.5	0:12607:0:17	2
5144	0.16666666666666666	0:12616:0:7	6
5155	0.5	2:0:12622:0	2
5170	0.3333333333333333	0:12616:0:7	3
5183	0.16666666666666666	0:12607:0:14	6
5184	0.25	0:12611:0:11	4
5192	0.5	0:12621:0:2	2
5194	0.5	0:0:12620:2	2
5206	0.5	0:0:12620:2	2
5221	0.5	0:12619:0:3	2
5223	0.5	0:12617:0:5	2
5230	0.3333333333333333	0:0:12614:10	3
5239	0.3333333333333333	0:12617:0:5	3
5284	0.5	0:12615:0:6	2
5301	0.3333333333333333	0:12552:0:3	3
5339	0.5	0:12554:0:4	2
5392	0.3333333333333333	0:12568:0:4	3
5467	0.16666666666666666	0:12567:0:12	6
5497	0.3333333333333333	0:12577:0:5	3
5506	0.5	0:12579:0:7	2
5512	0.3333333333333333	0:12577:0:5	3
5521	0.5	0:6:0:12569	2
5539	0.5	2:0:12574:0	2
5544	0.5	0:12580:0:2	2
5547	0.5	0:12574:0:2	2
5572	0.6666666666666666	1:0:12573:10	3
5608	0.3333333333333333	12620:0:3:0	3
5622	0.3333333333333333	0:12622:0:4	3
5654	0.25	0:12622:0:4	4
5665	0.5	2:0:12623:0	2
5704	0.6666666666666666	1:0:12623:2	3
5717	0.3333333333333333	0:12622:0:4	3
5724	0.5	0:12623:0:2	2
5730	0.14285714285714285	0:12610:0:16	7
5736	0.2	0:12610:0:6	5
5784	0.5	0:12607:0:19	2
5806	0.3333333333333333	0:12622:0:4	3
5812	0.16666666666666666	0:12616:0:8	6
5817	0.3333333333333333	0:12620:0:6	3
5826	0.2857142857142857	1:12611:0:13	7
5842	0.5	0:12623:0:2	2
5849	0.3333333333333333	0:12619:0:4	3
5855	0.3333333333333333	12620:0:4:0	3
5860	0.5	0:3:0:12621	2
5869	0.125	0:12613:0:9	8
5884	0.5	0:12618:0:3	2
5886	0.3333333333333333	0:12619:0:3	3
5907	0.25	0:12618:0:5	4
5917	0.5	2:0:12619:0	2
5950	0.5	0:0:12616:2	2
5974	0.25	0:12614:0:4	4
5986	0.25	0:12612:0:7	4
6016	0.5	0:12619:0:2	2
6025	0.5	0:2:0:12622	2
6026	0.16666666666666666	0:12612:0:11	6
6027	0.25	0:12599:0:25	4
6031	0.25	0:12618:0:5	4
6040	0.16666666666666666	0:12540:0:84	6
6058	0.5	12621:0:2:0	2
6070	0.25	0:12619:0:5	4
6081	0.5	12615:0:3:0	2
6120	0.5	0:12622:0:3	2
6123	0.3333333333333333	4:0:12621:0	3
6145	0.16666666666666666	0:12616:0:6	6
6151	0.5	0:12618:0:3	2
6178	0.5	0:2:0:12622	2
6195	0.3333333333333333	0:12622:0:3	3
6220	0.5	2:0:12623:0	2
6255	0.125	0:12608:0:17	8
6266	0.5	2:0:12623:0	2
6285	0.3333333333333333	0:12619:0:6	3
6286	0.2	0:12618:0:6	5
6310	0.5	64:12535:0:15	4
6312	0.42857142857142855	162:12450:2:4	7
6317	0.5	0:12620:0:3	2
6330	0.5	0:12621:0:2	2
6336	0.25	0:12615:0:4	4
6341	0.5	2:0:12618:0	2
6347	0.5	0:12618:0:2	2
6352	0.3333333333333333	1:0:12614:5	6
6354	0.3333333333333333	0:12611:0:4	3
6361	0.3333333333333333	0:12581:0:3	3
6362	0.5	6:0:12577:0	2
6363	0.25	0:12567:0:16	4
6380	0.5	0:12584:0:4	2
6385	0.3333333333333333	0:12575:0:11	3
6401	0.5	0:12609:0:2	2
6402	0.16666666666666666	0:12602:0:9	6
6419	0.5	6:0:12603:0	2
6427	0.5	0:2:0:12608	2
6445	0.3333333333333333	0:12606:0:4	3
6446	0.5	3:0:12604:3	4
6449	0.2	0:12601:0:8	5
6459	0.5	12607:0:3:0	2
6463	0.2	0:0:12600:8	5
6466	0.5	12607:0:3:0	2
6469	0.3333333333333333	0:3:0:12607	3
6474	0.5	12605:0:2:0	2
6487	0.3333333333333333	0:12606:0:3	3
6504	0.3333333333333333	0:12602:0:8	3
6513	0.5	0:0:12609:2	2
6532	0.5	0:0:12612:2	2
6539	0.3333333333333333	0:12609:0:5	3
6541	0.25	0:12610:0:4	4
6558	0.3333333333333333	0:12618:0:6	3
6573	0.25	0:12584:0:36	4
6578	0.5	0:12620:0:3	2
6582	0.5	0:12620:0:3	2
6606	0.2	0:12618:0:6	5
6616	0.3333333333333333	12614:0:9:0	3
6627	0.25	0:12609:0:14	4
6628	0.5	0:12620:0:3	2
6633	0.3333333333333333	0:12620:0:3	3
6636	0.25	0:12610:0:12	4
6638	0.3333333333333333	0:12615:0:4	3
6646	0.5	12622:0:2:0	2
6691	0.5	0:5:0:12616	2
6693	0.5	12591:0:30:0	2
6696	0.2	0:12579:0:42	5
6701	0.5	0:12616:0:3	2
6723	0.3333333333333333	0:12608:0:12	3
6730	0.3333333333333333	0:12612:0:8	3
6762	0.2	0:12615:0:5	5
6781	0.14285714285714285	0:12604:0:8	7
6813	0.3333333333333333	0:12609:0:3	3
6825	0.5	12600:9:0:0	2
6843	0.3333333333333333	0:12611:0:3	3
6861	0.3333333333333333	0:12587:0:7	3
6869	0.3333333333333333	12577:0:0:4	3
6894	0.3333333333333333	0:0:12595:3	3
6896	0.5	0:12594:0:2	2
6926	0.5	0:12570:0:6	2
6968	0.5	2:12585:0:2	4
6975	0.5	0:0:12586:7	2
6977	0.5	7:0:12586:0	2
6990	0.2	0:12552:0:46	5
6996	0.3333333333333333	0:3:0:12596	3
7011	0.2	0:12546:0:49	5
7029	0.5	0:12595:0:4	2
7042	0.25	0:0:12597:5	4
7047	0.5	0:12598:0:4	2
7083	0.5	0:12621:0:2	2
7093	0.5	0:12617:0:2	2
7162	0.5	0:12620:0:2	2
7164	0.3333333333333333	0:12617:0:5	3
7165	0.5	1:12616:0:4	4
7224	0.3333333333333333	0:12618:0:4	3
7225	0.5	0:5:0:12615	2
7267	0.3333333333333333	0:12618:0:4	3
7279	0.25	0:12607:0:13	4
7291	0.5	12616:0:2:0	2
7318	0.6666666666666666	1:12612:0:2	3
7321	0.5	0:12613:0:2	2
7334	0.5	0:12621:0:3	2
7390	0.3333333333333333	0:12618:0:3	3
7392	0.5	0:12616:0:3	2
7393	0.3333333333333333	1:0:12608:12	6
7420	0.16666666666666666	0:12602:0:21	6
7423	0.3333333333333333	0:12593:0:30	3
7438	0.25	0:64:0:12560	4
7472	0.3333333333333333	7:0:12613:0	3
7479	0.3333333333333333	12601:0:23:0	3
7504	0.3333333333333333	0:12621:0:3	3
7528	0.25	0:12620:0:4	4
7564	0.25	0:12617:0:7	4
7600	0.25	0:12612:0:11	4
7672	0.5	0:2:0:12623	2
7675	0.25	0:0:12620:5	4
7728	0.5	2:12617:0:5	4
7732	0.3333333333333333	0:12620:0:3	3
7735	0.2	0:12616:0:7	5
7736	0.5	4:0:12618:0	2
7764	0.3333333333333333	0:12622:0:3	3
7765	0.16666666666666666	0:12593:0:33	6
7770	0.5	12623:0:2:0	2
7798	0.16666666666666666	0:0:12611:13	6
7815	0.2	0:12611:0:12	5
7819	0.5	0:12620:0:4	2
7824	0.5	12622:0:3:0	2
7834	0.2	0:12588:0:37	5
7843	0.5	0:12622:0:3	2
7844	0.6666666666666666	2:12622:0:1	3
7851	0.3333333333333333	0:12621:0:4	3
7869	0.25	0:12615:0:10	4
7936	0.14285714285714285	0:0:12613:7	7
7945	0.2	0:12612:0:8	5
7963	0.5	0:2:0:12618	2
8016	0.3333333333333333	0:12621:0:4	3
8022	0.25	0:0:4:12559	4
8025	0.5	0:12613:0:12	2
8031	0.2	12620:0:6:0	5
8072	0.25	12613:0:13:0	4
8074	0.5	0:12622:0:4	2
8078	0.14285714285714285	0:12602:0:24	7
8090	0.2	0:12605:0:21	5
8092	0.14285714285714285	0:12616:0:10	7
8102	0.5	0:0:12617:9	2
8131	0.3333333333333333	0:0:12622:3	3
8137	0.5	0:0:12619:4	2
8139	0.5	0:12621:0:4	2
8140	0.3333333333333333	0:12620:0:4	3
8160	0.5	0:12624:0:2	2
8170	0.5	12624:0:2:0	2
8179	0.25	0:0:12587:5	4
8208	0.5	0:12621:0:2	2
8247	0.5	0:12623:0:2	2
8290	0.2	0:12616:0:6	5
8293	0.2857142857142857	3:12602:0:18	7
8316	0.3333333333333333	0:12619:0:3	3
8320	0.5	0:12620:0:2	2
8326	0.5	0:12619:0:2	2
8344	0.3333333333333333	0:12613:0:5	3
8357	0.5	0:12618:0:3	2
8602	0.5	13:0:12613:0	2
8612	0.25	0:0:12615:10	4
8626	0.5	0:12619:0:7	2
8653	0.2	0:0:12566:53	5
8655	0.25	0:12612:0:5	4
8660	0.3333333333333333	0:12607:0:3	3
8683	0.5	1:12613:0:3	4
8692	0.5	0:12618:0:2	2
8733	0.25	0:12616:0:4	4
8767	0.5	0:13:0:12607	2
8770	0.5	0:12617:0:2	2
8782	0.16666666666666666	0:11342:0:1269	6
8790	0.5	0:0:12613:2	2
8818	0.3333333333333333	0:12609:0:3	3
8883	0.5	0:3:0:12618	2
8885	0.5	3:0:0:12618	2
8886	0.6666666666666666	3:1:0:12617	3
8917	0.1111111111111111	0:12599:0:26	9
8937	0.3333333333333333	0:12623:0:3	3
8950	0.5	0:12586:0:40	2
8956	0.3333333333333333	0:12622:0:3	3
8964	0.25	0:12621:0:4	4
9034	0.5	12622:0:2:0	2
9049	0.5	0:0:12624:2	2
9096	0.5	0:12623:0:3	2
9118	0.5	0:12622:0:2	2
9130	0.5	0:0:12619:5	2
9145	0.5	2:0:0:12621	2
9165	0.2	0:12616:0:6	5
9166	0.3333333333333333	0:12620:0:3	3
9180	0.3333333333333333	0:12621:0:4	3
9190	0.75	1:2:12617:5	4
9204	0.5	12620:0:2:0	2
9207	0.5	0:12622:0:2	2
9214	0.5	0:12623:0:2	2
9220	0.5	2:0:12624:0	2
9223	0.25	0:12557:0:63	4
9246	0.14285714285714285	0:12617:0:9	7
9286	0.3333333333333333	0:12591:0:19	3
9333	0.3333333333333333	0:12613:0:4	3
9344	0.25	0:12610:0:7	4
9360	0.5	0:12616:0:2	2
9409	0.5	12614:0:2:0	2
9419	0.5	12616:0:2:0	2
9429	0.5	0:3:0:12615	2
9430	0.2857142857142857	2:12605:0:10	7
9438	0.09090909090909091	0:12572:0:38	11
9445	0.5	0:10:0:12607	2
9474	0.07142857142857142	0:12595:0:17	14
9477	0.5	120:0:0:12499	2
9479	0.1111111111111111	0:0:12602:21	9
9491	0.14285714285714285	0:12610:0:15	7
9514	0.5	12609:0:17:0	2
9518	0.25	0:4:0:12622	4
9520	0.5	0:12622:0:4	2
9521	0.5	0:12624:0:2	2
9526	0.3333333333333333	0:0:12621:4	3
9532	0.3333333333333333	0:12619:0:3	3
9534	0.4	9:12609:0:5	5
9561	0.25	0:12614:0:6	4
9565	0.3333333333333333	0:12617:0:3	3
9598	0.5	0:12594:0:27	2
9634	0.16666666666666666	12609:0:0:8	6
9661	0.3333333333333333	0:12611:0:4	3
9693	0.3333333333333333	0:12617:0:3	3
9697	0.5	0:2:0:12617	2
9707	0.5	12619:0:3:0	2
9724	0.3333333333333333	0:12593:0:27	3
9737	0.25	12615:0:4:0	4
9741	0.5	12619:2:0:0	2
9743	0.5	0:2:0:12619	2
9802	0.3333333333333333	0:0:12620:3	3
9803	0.2	0:12616:0:6	5
9836	0.5	0:12624:0:2	2
9848	0.5	12624:0:2:0	2
9856	0.3333333333333333	0:0:12622:3	3
9857	0.2	0:12620:0:5	5
9866	0.3333333333333333	0:12611:0:14	3
9891	0.5	0:12621:0:2	2
9924	0.14285714285714285	0:12613:0:12	7
9931	0.3333333333333333	0:4:0:12622	3
9946	0.5	12623:0:2:0	2
9951	0.3333333333333333	0:12622:0:3	3
9962	0.3333333333333333	0:12608:0:17	3
9967	0.2	0:12617:0:7	5
9968	0.5	2:0:12623:0	2
9979	0.3333333333333333	0:12616:0:9	3
9996	0.25	0:12621:0:4	4
10015	0.5	0:12618:0:7	2
10029	0.3333333333333333	0:12622:0:3	3
10036	0.5	0:12623:0:2	2
10078	0.25	0:12619:0:6	4
10138	0.3333333333333333	0:12619:0:7	3
10156	0.5	0:12609:0:2	2
10186	0.5	0:12604:0:2	2
10188	0.5	0:12574:0:33	2
10202	0.3333333333333333	0:12602:0:3	3
10228	0.3333333333333333	0:12611:0:3	3
10232	0.25	0:12605:0:9	4
10252	0.25	0:12608:0:5	4
10277	0.3333333333333333	0:12592:0:23	3
10279	0.3333333333333333	0:12611:0:3	3
10319	0.25	0:12558:0:57	4
10323	0.06666666666666667	12553:0:63:0	15
10341	0.5	0:12613:0:3	2
10368	0.5	2:0:12611:0	2
10369	0.14285714285714285	0:12595:0:17	7
10376	0.16666666666666666	0:12600:0:16	6
10377	0.5	0:12609:0:6	2
10396	0.3333333333333333	0:0:12623:3	3
10401	0.5	0:12622:0:3	2
10440	0.3333333333333333	0:12619:0:7	3
10450	0.2	0:12615:0:11	5
10456	0.2	0:12620:0:5	5
10507	0.3333333333333333	0:12602:0:22	3
10519	0.5	0:12622:0:2	2
10523	0.5	1:6:12616:0	4
10525	0.5	0:12622:0:3	2
10561	0.5	0:9:0:12617	2
10582	0.125	0:12586:0:40	8
10604	0.3333333333333333	0:12621:0:5	3
10615	0.5	0:12620:0:3	2
10623	0.3333333333333333	0:12623:0:3	3
10626	0.2	0:12618:0:6	5
10632	0.3333333333333333	0:12623:0:3	3
10641	0.5	0:12623:0:3	2
10642	0.5	1:0:12622:3	4
10702	0.3333333333333333	0:12619:0:7	3
10712	0.5	0:12612:0:14	2
10741	0.25	0:12617:0:8	4
10754	0.5	4:0:12622:0	2
10755	0.5	0:12623:0:3	2
10761	0.5	12617:0:9:0	2
10771	0.5	0:18:0:12608	2
10789	0.2	0:12606:0:20	5
10818	0.5	0:12621:0:4	2
10830	0.5	0:2:0:12622	2
10834	0.5	0:12622:0:2	2
10851	0.3333333333333333	0:12591:0:35	3
10870	0.125	0:0:12612:12	8
10874	0.3333333333333333	12609:0:15:0	3
10889	0.25	0:12618:0:6	4
10912	0.5	12624:0:2:0	2
10954	0.3333333333333333	0:12623:0:3	3
10956	0.5	0:12623:0:3	2
10969	0.5	0:12622:0:3	2
10989	0.3333333333333333	0:12623:0:3	3
11001	0.5	0:12591:0:35	2
11003	0.6666666666666666	0:12619:1:5	3
11008	0.3333333333333333	0:12623:0:3	3
11020	0.3333333333333333	0:12620:0:3	3
11074	0.045454545454545456	0:12540:0:42	22
11083	0.02702702702702703	2:0:10940:1612	74
11090	0.5	12617:0:0:7	2
11102	0.5	0:12622:0:3	2
11109	0.3333333333333333	0:12602:0:23	3
11131	0.5	4:0:0:12615	2
11139	0.5	0:12623:0:2	2
11161	0.5	2:0:12624:0	2
11182	0.3333333333333333	0:4:0:12622	3
11195	0.3333333333333333	0:12591:0:34	3
11200	0.5	0:12621:0:3	2
11222	0.5	0:0:12620:6	2
11224	0.5	0:12612:0:14	2
11268	0.5	12623:0:2:0	2
11272	0.5	0:0:12619:3	2
11289	0.5	0:12624:0:2	2
11298	0.3333333333333333	12623:0:3:0	3
11344	0.5	0:12624:0:2	2
11355	0.3333333333333333	0:12621:0:5	3
11410	0.5	2:0:12616:0	2
11417	0.25	0:2:12587:28	8
11430	0.3333333333333333	12609:0:8:0	3
11438	0.5	12607:0:10:0	2
11439	0.5	12616:0:2:0	2
11455	0.3333333333333333	0:12610:0:8	3
11464	0.6666666666666666	2:0:12615:1	3
11471	0.5	0:12615:0:3	2
11474	0.5	12615:0:2:0	2
11514	0.5	0:12615:0:2	2
11522	0.3333333333333333	0:0:3:12614	3
11534	0.5	2:0:12616:0	2
11535	0.125	0:0:12604:10	8
11537	0.3333333333333333	12610:0:7:0	3
11540	0.5	0:0:12615:2	2
11557	0.5	0:0:12614:2	2
11563	0.3333333333333333	0:12612:0:4	3
11572	0.2	0:12609:0:8	5
11575	0.5	1:12609:0:7	4
11595	0.3333333333333333	12617:0:4:0	3
11596	0.5	0:0:12619:4	2
11653	0.2	0:12609:0:15	5
11671	0.5	0:12623:0:2	2
11674	0.16666666666666666	0:12615:0:9	6
11704	0.14285714285714285	0:12612:0:11	7
11747	0.3333333333333333	0:12619:0:5	3
11750	0.2	0:12621:0:5	5
11752	0.5	0:12621:0:5	2
11755	0.3333333333333333	12621:0:3:0	3
11758	0.3333333333333333	0:12623:0:3	3
11767	0.5	0:12622:0:4	2
11781	0.5	12622:0:4:0	2
11782	0.25	12610:0:13:0	4
11798	0.5	0:7:0:12619	2
11801	0.5	22:0:12602:0	2
11824	0.2	0:12620:0:6	5
11833	0.3333333333333333	0:12621:0:3	3
11842	0.6666666666666666	2:0:12614:9	3
11866	0.5	0:12623:0:2	2
11878	0.6666666666666666	1:12623:0:2	3
11893	0.5	0:0:12623:2	2
11902	0.5	0:12623:0:2	2
11916	0.125	0:12412:0:211	8
11919	0.25	0:12609:0:17	4
11941	0.25	0:12619:0:6	4
11956	0.3333333333333333	0:12621:0:4	3
11962	0.1111111111111111	0:12613:0:12	9
11979	0.5	0:12623:0:2	2
12025	0.3333333333333333	0:12620:0:5	3
12049	0.5	0:12620:0:4	2
12053	0.5	0:12621:0:2	2
12067	0.5	0:0:12622:3	2
12068	0.3333333333333333	0:12614:1:10	6
12070	0.3333333333333333	0:0:12622:3	3
12071	0.5	2:0:12622:0	2
12073	0.2	0:12611:0:13	5
12076	0.14285714285714285	0:12606:0:18	7
12084	0.5	0:12623:0:2	2
12085	0.5	0:12623:0:2	2
12115	0.5	0:12623:0:2	2
12131	0.5	2:0:12624:0	2
12138	0.3333333333333333	0:12618:0:8	3
12141	0.5	2:12623:0:0	2
12153	0.3333333333333333	0:12623:0:3	3
12167	0.5	2:0:12623:0	2
12191	0.5	0:0:12624:2	2
12213	0.125	0:12614:0:11	8
12231	0.5	0:12624:0:2	2
12242	0.25	0:12622:0:4	4
12243	0.5	0:0:12624:2	2
12249	0.5	0:12624:0:2	2
12312	0.5	0:12623:0:2	2
12357	0.25	0:12622:0:4	4
12374	0.5	0:12622:0:3	2
12393	0.5	12624:0:2:0	2
12400	0.16666666666666666	0:12616:0:8	6
12415	0.5	0:12624:0:2	2
12439	0.25	0:12621:0:4	4
12459	0.3333333333333333	0:12621:0:5	3
12473	0.3333333333333333	0:12618:0:7	3
12484	0.5	0:12624:0:2	2
12488	0.25	0:12620:0:5	4
12513	0.2	0:12620:0:6	5
12514	0.5	0:0:12622:4	2
12525	0.25	0:12618:0:6	4
12556	0.5	12624:0:2:0	2
12621	0.25	0:12617:0:7	4
12651	0.25	0:12621:0:5	4
12664	0.5	0:12624:0:2	2
12672	0.5	0:12623:0:3	2
12710	0.3333333333333333	0:12581:0:45	3
12741	0.5	0:12623:0:2	2
12747	0.3333333333333333	0:12623:0:3	3
12754	0.5	0:12624:0:2	2
12756	0.3333333333333333	0:12621:0:5	3
12769	0.5	0:0:12624:2	2
12778	0.5	0:12622:0:4	2
12781	0.16666666666666666	0:12602:0:24	6
12789	0.3333333333333333	0:12621:0:3	3
12793	0.6666666666666666	1:0:12623:2	3
12797	0.5	3:0:12622:0	2
12809	0.25	0:12619:0:7	4
12820	0.3333333333333333	12622:0:4:0	3
12823	0.5	0:12623:0:3	2
12832	0.5	32:0:12593:1	4
12854	0.2	0:12619:0:5	5
12880	0.125	0:12598:0:28	8
12885	0.5	0:12621:0:4	2
12896	0.5	0:12623:0:3	2
12915	0.5	0:12624:0:2	2
12923	0.5	2:12620:0:3	4
12970	0.25	0:12622:0:4	4
12988	0.3333333333333333	0:0:12623:3	3
13019	0.1111111111111111	0:12613:0:12	9
13051	0.5	0:12624:0:2	2
13059	0.5	0:12622:0:4	2
13119	0.3333333333333333	0:12617:0:9	3
13138	0.5	0:12623:0:3	2
13201	0.3333333333333333	0:0:12623:3	3
13225	0.4	0:12621:1:4	5
13252	0.5	0:12619:0:7	2
13335	0.3333333333333333	0:12621:0:5	3
13356	0.25	0:12619:0:5	4
13378	0.5	0:12621:0:2	2
13402	0.08333333333333333	0:0:24:12571	12
13408	0.3333333333333333	0:3:0:12591	3
13426	0.5	0:12595:0:2	2
13430	0.6666666666666666	1:12593:0:3	3
13458	0.2	0:12593:0:7	5
13459	0.5	0:0:12597:2	2
13476	0.3333333333333333	0:12589:0:4	3
13487	0.5	0:12587:0:3	2
13499	0.5	0:12587:0:4	2
13501	0.5	0:12586:0:5	2
13512	0.3333333333333333	12578:0:0:3	3
13513	0.3333333333333333	0:0:12579:3	3
13514	0.3333333333333333	3:0:12581:0	3
13517	0.09090909090909091	0:12563:0:19	11
13536	0.14285714285714285	0:12453:0:136	7
13548	0.3333333333333333	0:12570:0:4	3
13568	0.3333333333333333	0:12545:0:21	3
13571	0.3333333333333333	0:0:12558:3	3
13620	0.5	0:12615:0:3	2
13624	0.5	0:0:12623:2	2
13665	0.3333333333333333	0:12618:0:7	3
13687	0.5	0:0:12620:2	2
13694	0.3333333333333333	0:12621:0:5	3
13712	0.3333333333333333	12617:0:6:0	3
13730	0.2	0:12414:0:208	5
13740	0.3333333333333333	0:12621:0:4	3
13749	0.5	0:0:12622:3	2
13860	0.5	0:12622:0:2	2
13862	0.5	0:12560:0:64	2
13914	0.5	0:2:0:12621	2
13929	0.3333333333333333	0:17:0:12609	3
13947	0.3333333333333333	12615:0:0:11	3
13966	0.5	2:0:12620:0	2
13994	0.5	0:12622:0:2	2
14097	0.5	0:12622:0:4	2
14104	0.5	0:6:0:12620	2
14118	0.5	2:0:12617:6	4
14120	0.2	0:12613:0:13	5
14122	0.2	0:0:12615:11	5
14126	0.5	4:0:12622:0	2
14178	0.3333333333333333	0:12623:0:3	3
14183	0.5	0:12618:0:6	2
14184	0.2	0:12591:0:33	5
14189	0.5	0:12621:0:5	2
14195	0.5	5:12621:0:0	2
14198	0.5	0:12623:0:3	2
14209	0.6666666666666666	1:0:12622:2	3
14214	0.3333333333333333	0:12621:0:4	3
14220	0.3333333333333333	0:12621:0:4	3
14235	0.3333333333333333	0:12622:0:3	3
14262	0.5	0:12622:0:3	2
14267	0.5	0:12620:0:5	2
14270	0.5	12623:2:0:0	2
14277	0.5	0:0:12612:2	2
14290	0.5	0:0:12615:2	2
14313	0.5	0:2:0:12621	2
14316	0.5	0:0:12621:2	2
14322	0.5	0:12619:0:3	2
14335	0.5	0:0:12621:2	2
14371	0.5	0:0:12623:2	2
14391	0.5	0:12624:0:2	2
14407	0.3333333333333333	0:12621:0:5	3
14408	0.06666666666666667	0:3978:0:8627	15
14500	0.5	0:0:12617:2	2
14571	0.5	0:12623:0:3	2
14580	0.3333333333333333	0:0:12600:10	3
14583	0.5	0:12608:0:2	2
14585	0.3333333333333333	0:12602:0:8	3
14588	0.5	0:12607:0:3	2
14599	0.3333333333333333	0:12606:0:3	3
14645	0.5	0:12622:0:2	2
14646	0.5	0:2:0:12623	2
14653	0.6666666666666666	3:0:12619:3	3
14676	0.3333333333333333	0:12621:0:3	3
14688	0.5	0:12623:0:3	2
14697	0.5	0:12624:0:2	2
14724	0.14285714285714285	0:12600:0:24	7
14741	0.5	0:12611:0:14	2
14747	0.5	12607:0:17:0	2
14757	0.5	0:12622:0:3	2
14768	0.5	0:12622:0:2	2
14772	0.5	0:0:12623:2	2
14773	0.5	4:0:12621:0	2
14786	0.1111111111111111	0:12502:0:123	9
14805	0.125	0:11338:0:1270	8
14821	0.3333333333333333	0:12623:0:3	3
14836	0.5	12624:0:2:0	2
14877	0.2	0:12593:0:32	5
14889	0.5	0:12623:0:3	2
14898	0.5	0:12622:0:2	2
14912	0.5	12591:0:14:0	2
14925	0.125	0:12585:0:19	8
14931	0.3333333333333333	0:12620:0:3	3
14937	0.2	0:12604:0:20	5
14980	0.3333333333333333	0:12620:0:4	3
15017	0.25	0:12619:0:5	4
15024	0.5	0:12622:0:4	2
15026	0.5	0:12624:0:2	2
15202	0.5	0:0:12623:3	2
15216	0.25	0:12615:0:11	4
15222	0.5	0:12623:0:3	2
15237	0.14285714285714285	0:12613:0:9	7
15240	0.125	0:12610:0:13	8
15243	0.3333333333333333	0:0:12605:18	3
15277	0.2	0:12603:0:21	5
15324	0.06666666666666667	0:12306:0:312	15
15327	0.3333333333333333	2:0:12615:6	6
15328	0.5	0:12622:0:2	2
15346	0.6666666666666666	1:12621:0:2	3
15368	0.3333333333333333	0:12620:0:4	3
15371	0.3333333333333333	0:12620:0:4	3
15380	0.25	0:0:12592:25	4
15418	0.5	0:0:12621:2	2
15426	0.3333333333333333	12617:0:7:0	3
15438	0.3333333333333333	0:0:12602:24	3
15480	0.3333333333333333	0:12622:0:4	3
15543	0.5	0:0:12620:2	2
15593	0.5	12624:0:2:0	2
15596	0.5	12624:0:2:0	2
15613	0.5	0:12624:0:2	2
15654	0.2	0:12616:0:9	5
15672	0.2	0:0:12618:6	5
15708	0.6666666666666666	0:1:12623:2	3
15714	0.3333333333333333	0:12622:0:3	3
15720	0.1	0:12608:0:18	10
15738	0.125	0:12614:0:9	8
15752	0.5	0:12621:0:2	2
15760	0.5	16:0:12607:0	2
15763	0.3333333333333333	0:12617:0:6	3
15780	0.5	0:0:12607:4	2
15849	0.5	0:2:0:12599	2
15857	0.16666666666666666	0:12589:0:9	6
15888	0.3333333333333333	0:3:0:12598	3
15906	0.5	0:0:12604:2	2
15907	0.5	2:0:12605:0	2
15910	0.5	0:0:12606:2	2
15922	0.3333333333333333	0:4:0:12607	3
15928	0.5	0:12623:0:2	2
15952	0.5	0:12622:0:2	2
15960	0.16666666666666666	0:12608:0:18	6
15982	0.6666666666666666	1:0:12622:3	3
16017	0.3333333333333333	0:12614:0:11	3
16045	0.5	0:12624:0:2	2
16075	0.3333333333333333	0:0:12620:6	3
16078	0.3333333333333333	4:0:12622:0	3
16111	0.25	0:12620:0:6	4
16117	0.3333333333333333	0:0:12621:3	3
16163	0.5	0:12623:0:3	2
16173	0.5	0:12624:0:2	2
16178	0.5	0:12623:0:3	2
16188	0.5	0:0:12613:3	2
16206	0.3333333333333333	0:0:12593:22	3
16221	0.6666666666666666	3:0:12619:2	3
16222	0.5	0:12622:0:2	2
16247	0.5	0:12622:0:2	2
16260	0.2	0:12592:0:33	5
16289	0.125	0:12493:0:130	8
16293	0.5	0:12618:0:8	2
16323	0.3333333333333333	0:12622:0:3	3
16329	0.16666666666666666	0:12609:0:17	6
16362	0.5	0:12612:0:11	2
16365	0.5	0:0:12624:2	2
16375	0.2	0:12620:0:5	5
16376	0.25	0:12616:0:9	4
16377	0.3333333333333333	0:0:12619:7	3
16381	0.5	27:0:12599:0	2
16393	0.2	0:12618:0:7	5
16394	0.3333333333333333	0:12622:0:3	3
16396	0.5	0:0:12621:4	2
16428	0.25	0:12614:0:10	4
16457	0.25	0:12619:0:6	4
16466	0.3333333333333333	0:12619:0:4	3
16468	0.3333333333333333	0:12617:0:9	3
16469	0.5	0:12624:0:2	2
16474	0.3333333333333333	12621:0:4:0	3
16534	0.5	12618:0:2:0	2
16575	0.25	0:12614:0:6	4
16616	0.16666666666666666	0:12605:0:16	6
16622	0.5	2:0:12619:0	2
16647	0.5	0:0:12618:2	2
16658	0.3333333333333333	0:12613:0:5	3
16694	0.3333333333333333	0:12616:0:4	3
16726	0.25	0:12614:0:4	4
16733	0.4	1:12615:0:4	5
16741	0.25	0:0:12611:9	4
16750	0.2	0:12611:0:9	5
16762	0.25	0:12595:0:26	4
16830	0.3333333333333333	0:12622:0:4	3
16846	0.4	1:0:12615:9	5
16852	0.2	0:0:12612:13	5
16858	0.6666666666666666	1:0:12622:3	3
16859	0.2	0:12621:0:5	5
16869	0.3333333333333333	0:12623:0:3	3
16887	0.05	0:12572:0:53	20
16897	0.5	0:0:12624:2	2
16912	0.25	0:0:12610:16	4
16915	0.5	0:12620:0:5	2
16935	0.5	0:0:12623:3	2
16949	0.25	0:12617:0:5	4
16975	0.5	0:0:12622:3	2
16993	0.3333333333333333	0:7:0:12617	3
17002	0.5	0:12621:0:2	2
17004	0.3333333333333333	0:12618:0:3	3
17010	0.3333333333333333	11:12596:0:14	6
17012	0.5	0:12622:0:2	2
17014	0.2	0:0:12606:18	5
17075	0.5	2:0:0:12622	2
17104	0.2	0:12610:0:13	5
17118	0.25	0:12620:0:4	4
17122	0.4	1:0:12617:5	5
17125	0.4	2:12616:0:5	5
17126	0.5	0:29:0:12594	2
17140	0.5	0:0:12619:3	2
17163	0.5	0:12621:0:2	2
17193	0.3333333333333333	0:0:12618:6	3
17211	0.5	0:0:12621:4	2
17247	0.25	0:404:2:12213	8
17249	0.5	0:12622:0:3	2
17259	0.3333333333333333	0:0:12623:3	3
17278	0.3333333333333333	0:0:12619:6	3
17285	0.5	0:12624:0:2	2
17304	0.2	0:12613:0:8	5
17331	0.5	0:0:12622:3	2
17338	0.5	0:0:12621:5	2
17339	0.3333333333333333	0:12622:0:3	3
17372	0.5	0:12623:0:3	2
17373	0.5	0:12609:0:17	2
17375	0.5	0:12622:0:4	2
17403	0.25	0:12621:0:4	4
17410	0.2	0:12574:0:52	5
17427	0.2	0:0:12620:5	5
17430	0.3333333333333333	0:12623:0:3	3
17440	0.6666666666666666	1:12623:0:2	3
17470	0.5	0:12602:0:22	2
17474	0.25	0:12620:0:6	4
17502	0.2	0:12617:0:8	5
17518	0.5	0:12619:0:7	2
17523	0.3333333333333333	0:0:12623:3	3
17550	0.25	0:12610:0:4	4
17562	0.5	0:0:12603:3	2
17639	0.2	0:12585:0:22	5
17656	0.5	12600:0:7:0	2
17658	0.5	0:0:12605:2	2
17676	0.2	0:12602:0:5	5
17678	0.125	0:12597:0:10	8
17686	0.5	0:0:12603:2	2
17690	0.3333333333333333	0:12580:0:26	3
17721	0.5	0:0:12602:4	2
17733	0.3333333333333333	0:12603:0:4	3
17746	0.3333333333333333	0:12604:0:3	3
17747	0.16666666666666666	0:11876:0:722	6
17762	0.5	0:12611:0:2	2
17766	0.14285714285714285	0:12603:0:9	7
17799	0.5	12614:0:12:0	2
17808	0.5	1:1:12612:12	6
17814	0.5	0:0:12624:2	2
17822	0.3333333333333333	0:12623:0:3	3
17825	0.25	0:12621:0:5	4
17835	0.5	0:8:0:12618	2
17858	0.5	11884:0:741:0	2
17939	0.3333333333333333	0:12621:0:5	3
17944	0.5	0:0:12617:9	2
17964	0.3333333333333333	5:0:12614:6	6
17976	0.3333333333333333	0:12622:0:4	3
17999	0.3333333333333333	0:12615:0:9	3
18029	0.2	0:12614:0:11	5
18053	0.5	0:12621:0:2	2
18060	0.125	0:11870:0:751	8
18086	0.5	2:12609:0:10	4
18105	0.5	0:0:12622:3	2
18115	0.16666666666666666	0:12617:0:7	6
18129	0.3333333333333333	0:12623:0:3	3
18131	0.5	0:12624:0:2	2
18149	0.5	0:0:12624:2	2
18166	0.5	0:12624:0:2	2
18167	0.2	0:12620:0:6	5
18171	0.6666666666666666	3:12617:0:6	3
18186	0.3333333333333333	0:0:12623:3	3
18214	0.5	0:0:12623:3	2
18246	0.5	0:12622:0:2	2
18252	0.25	0:12622:0:4	4
18255	0.16666666666666666	0:0:12616:8	6
18261	0.5	0:12624:0:2	2
18264	0.3333333333333333	0:12621:0:5	3
18312	0.6666666666666666	1:12622:0:3	3
18318	0.6666666666666666	2:0:12622:1	3
18348	0.3333333333333333	1:12614:0:9	6
18377	0.25	0:12620:0:5	4
18394	0.5	0:0:12624:2	2
18395	0.3333333333333333	0:12621:0:4	3
18401	0.3333333333333333	0:12621:0:5	3
18433	0.5	2:0:12624:0	2
18457	0.5	0:12622:0:4	2
18471	0.5	0:2:0:12624	2
18481	0.5	0:12624:0:2	2
18486	0.25	0:12613:0:8	4
18488	0.3333333333333333	0:10:0:12616	3
18495	0.5	0:2:0:12624	2
18501	0.25	0:12621:0:4	4
18508	0.3333333333333333	0:12617:0:8	3
18555	0.25	0:12622:0:4	4
18568	0.125	0:12611:0:13	8
18570	0.25	0:12621:0:5	4
18603	0.3333333333333333	0:3:0:12623	3
18647	0.3333333333333333	0:12617:0:9	3
18651	0.4	4:0:12606:7	5
18652	0.3333333333333333	0:12608:0:10	3
18656	0.5	0:12616:0:2	2
18657	0.25	0:12610:0:6	4
18671	0.5	12615:0:3:0	2
18680	0.5	0:12615:0:3	2
18686	0.5	0:0:12621:2	2
18698	0.5	0:12623:0:2	2
18710	0.5	12624:0:2:0	2
18713	0.3333333333333333	0:12608:0:18	3
18723	0.5	0:7:0:12619	2
18744	0.125	0:12609:0:16	8
18756	0.3333333333333333	2:0:12611:11	6
18788	0.16666666666666666	0:12592:0:32	6
18803	0.3333333333333333	0:0:12622:4	3
18828	0.3333333333333333	0:12616:0:8	3
18859	0.25	0:0:12616:9	4
18863	0.3333333333333333	0:5:0:12621	3
18877	0.07142857142857142	0:12297:0:327	14
18885	0.5	0:12622:0:2	2
18894	0.5	0:12622:0:3	2
18907	0.25	0:0:12621:4	4
18928	0.3333333333333333	0:12620:0:6	3
18929	0.5	0:12624:0:2	2
18972	0.3333333333333333	0:0:12617:4	3
18981	0.5	0:12618:1:3	4
18984	0.6666666666666666	0:1:12618:2	3
18985	0.3333333333333333	0:0:12618:4	3
19011	0.5	1:12617:0:4	4
19017	0.1111111111111111	0:12610:0:12	9
19018	0.3333333333333333	0:12619:0:4	3
19029	0.5	0:12618:0:6	2
19032	0.3333333333333333	0:12620:0:3	3
19072	0.5	1:0:12622:3	4
19086	0.4	1:0:12617:8	5
19101	0.5	0:0:12622:3	2
19102	0.5	0:12623:0:3	2
19118	0.5	0:12623:0:2	2
19126	0.5	12624:0:2:0	2
19135	0.5	0:2:0:12624	2
19140	0.5	0:12620:0:6	2
19151	0.5	0:12621:0:5	2
19170	0.3333333333333333	1:12556:0:67	6
19172	0.5	0:12624:0:2	2
19182	0.5	12624:0:2:0	2
19185	0.5	0:12624:0:2	2
19186	0.5	0:12624:0:2	2
19220	0.5	0:12624:0:2	2
19263	0.5	0:12618:0:6	2
19264	0.25	0:12619:0:5	4
19269	0.14285714285714285	0:12618:0:7	7
19273	0.3333333333333333	0:12621:0:3	3
19366	0.3333333333333333	0:10991:0:11	3
19374	0.16666666666666666	0:11003:0:6	6
19402	0.3333333333333333	0:11232:0:4	3
19484	0.06666666666666667	0:10846:0:22	15
19488	0.16666666666666666	0:11178:0:39	6
19518	0.5	0:0:11184:6	2
19524	0.1111111111111111	0:11099:0:74	9
19542	0.14285714285714285	0:0:11171:7	7
19602	0.3333333333333333	0:12576:0:11	3
19610	0.25	0:12587:0:4	4
19635	0.5	2:0:12597:0	2
19652	0.5	12603:0:7:0	2
19656	0.25	0:0:12599:5	4
19684	0.16666666666666666	0:0:12568:44	6
19718	0.25	0:12604:0:11	4
19735	0.5	0:0:12615:3	2
19763	0.3333333333333333	0:12617:0:4	3
19791	0.5	0:2:0:12622	2
19813	0.3333333333333333	0:12620:0:3	3
19814	0.5	0:12619:0:2	2
19839	0.16666666666666666	0:161:0:12460	6
19854	0.3333333333333333	0:12591:0:3	3
19862	0.25	0:12586:0:7	4
19872	0.25	0:0:12589:5	4
19884	0.2	0:12584:0:9	5
19891	0.5	0:0:12592:2	2
19895	0.5	0:12588:0:6	2
19955	0.5	1:12586:0:5	4
19961	0.25	0:12585:0:4	4
19962	0.75	2:1:12585:1	4
19983	0.3333333333333333	0:12578:0:3	3
19999	0.3333333333333333	0:0:12574:16	3
20002	0.4	1:0:12582:6	5
20005	0.5	14:0:12576:0	2
20006	0.6666666666666666	1:0:12587:2	3
20016	0.2	0:12583:0:5	5
20030	0.5	0:12585:0:2	2
20031	0.5	20:12565:0:1	4
20047	0.5	12619:0:2:0	2
20055	0.5	12617:0:3:0	2
20064	0.5	0:3:0:12618	2
20125	0.5	2:0:12620:0	2
20128	0.5	2:0:12619:0	2
20132	0.3333333333333333	0:12614:0:5	3
20133	0.5	0:12614:0:5	2
20134	0.2857142857142857	1:0:12585:33	7
20148	0.125	0:12592:0:26	8
20178	0.16666666666666666	0:12597:0:6	6
20233	0.5	0:12611:0:2	2
20234	0.5	0:12613:0:3	2
20235	0.6666666666666666	2:12611:0:2	3
20238	0.5	0:0:12614:2	2
20262	0.5	12608:0:8:0	2
20268	0.07692307692307693	12032:0:581:0	13
20270	0.5	0:12545:0:70	2
20274	0.5	0:0:12611:2	2
20275	0.5	16:0:12596:4	4
20276	0.5	12613:0:2:0	2
20320	0.5	0:12614:0:3	2
20326	0.5	2:0:12615:0	2
20383	0.5	0:0:12615:2	2
20398	0.5	4:0:12614:0	2
20402	0.3333333333333333	0:12611:0:7	3
20419	0.5	0:0:12606:10	2
20428	0.5	0:12611:0:3	2
20429	0.3333333333333333	0:12608:0:6	3
20457	0.3333333333333333	0:12606:0:7	3
20480	0.3333333333333333	0:12609:0:3	3
20483	0.25	0:12610:0:4	4
20555	0.25	0:12621:0:4	4
20578	0.25	0:0:12532:94	4
20580	0.4	1:0:12619:5	5
20594	0.5	0:12624:0:2	2
20611	0.25	0:12618:0:7	4
20628	0.3333333333333333	0:12622:0:3	3
20679	0.3333333333333333	2:0:12614:10	6
20692	0.5	0:12623:0:3	2
20698	0.5	0:12623:0:3	2
20703	0.16666666666666666	0:12618:0:7	6
20709	0.3333333333333333	0:0:12620:5	3
20719	0.25	0:12618:0:5	4
20736	0.5	0:12620:0:5	2
20755	0.25	12576:47:0:0	4
20759	0.16666666666666666	0:12616:0:8	6
20762	0.16666666666666666	0:12618:0:8	6
20790	0.5	0:12622:0:3	2
20823	0.3333333333333333	0:12618:0:5	3
20844	0.3333333333333333	1:12615:0:5	6
20887	0.5	6:0:12616:0	2
20893	0.5	0:0:12621:2	2
20930	0.5	0:12621:0:3	2
20931	0.5	0:0:12618:6	2
20936	0.25	0:12620:0:4	4
20941	0.5	0:12621:0:3	2
20991	0.6666666666666666	7:0:12610:7	3
20995	0.6666666666666666	1:0:12619:4	3
21034	0.5	0:12621:0:4	2
21058	0.4	1:12592:0:32	5
21110	0.5	0:12621:0:3	2
21123	0.16666666666666666	0:0:12613:11	6
21137	0.058823529411764705	12577:0:44:0	17
21141	0.5	12623:0:2:0	2
21146	0.25	7:0:0:12598	4
21151	0.5	0:0:12559:3	2
21158	0.5	0:3:0:12554	2
21204	0.25	0:0:12525:14	4
21220	0.6666666666666666	1:0:12532:2	3
21255	0.5	1:8:12533:4	6
21268	0.6666666666666666	1:0:12542:2	3
21294	0.5	2:0:0:12548	2
21295	0.5	2:0:12548:0	2
21296	0.5	2:0:12548:0	2
21302	0.5	0:12544:0:5	2
21304	0.25	9:12540:0:1	8
21305	0.16666666666666666	8:0:12543:0	6
21306	0.3333333333333333	0:12544:0:5	3
21334	0.5	0:0:12551:3	2
21359	0.5	0:12545:0:2	2
21364	0.3333333333333333	0:12542:0:3	3
21365	0.5	0:12549:0:3	2
21372	0.5	0:0:12554:3	2
21452	0.3333333333333333	0:0:12602:13	3
21467	0.5	0:2:0:12610	2
21538	0.3333333333333333	0:0:12616:4	3
21552	0.3333333333333333	0:12616:0:5	3
21575	0.023809523809523808	0:12527:0:84	42
21587	0.5	0:12622:0:2	2
21588	0.5	0:12621:0:2	2
21595	0.3333333333333333	0:12621:0:3	3
21614	0.16666666666666666	0:12604:0:18	6
21621	0.5	0:12622:0:2	2
21622	0.3333333333333333	1:12609:0:13	6
21624	0.5	1:1:12599:22	6
21625	0.5	12620:0:5:0	2
21627	0.25	0:12614:0:9	4
21635	0.3333333333333333	0:12617:0:4	3
21637	0.3333333333333333	0:12621:0:3	3
21641	0.3333333333333333	0:0:12616:6	3
21642	0.2	0:12618:0:5	5
21643	0.6666666666666666	12619:2:1:0	3
21646	0.25	0:12620:0:4	4
21648	0.1	0:12603:0:21	10
21658	0.5	0:12613:0:8	2
21691	0.5	0:12617:0:7	2
21707	0.125	0:12599:0:22	8
21711	0.2	0:12612:0:11	5
21721	0.3333333333333333	0:12619:0:3	3
21724	0.16666666666666666	0:1:12599:21	12
21727	0.3333333333333333	0:12617:0:3	3
21742	0.14285714285714285	0:12607:0:13	7
21745	0.3333333333333333	0:5:0:12615	3
21767	0.5	0:12618:0:3	2
21772	0.14285714285714285	0:12614:0:8	7
21789	0.14285714285714285	0:12617:0:7	7
21800	0.3333333333333333	0:0:12620:4	3
21811	0.5	0:12622:0:2	2
21830	0.25	0:0:12619:4	4
21843	0.5	0:12622:0:2	2
21846	0.1111111111111111	0:12610:0:12	9
21855	0.14285714285714285	0:12613:0:10	7
21859	0.2	0:12618:0:6	5
21867	0.3333333333333333	0:0:12622:4	3
21893	0.5	2:0:12622:0	2
21910	0.5	0:12622:0:3	2
21911	0.5	0:12621:0:4	2
21952	0.4	0:12617:1:5	5
21973	0.5	0:2:0:12621	2
21974	0.5	0:6:12613:3	4
21976	0.5	0:6:0:12615	2
21989	0.5	0:0:12614:2	2
21998	0.2	0:12603:0:18	5
22009	0.5	0:12619:0:4	2
22014	0.6666666666666666	1:0:12617:3	3
22020	0.5	0:3:0:12619	2
22021	0.3333333333333333	0:0:12619:3	3
22030	0.5	0:0:12622:2	2
22051	0.5	1:0:12613:3	4
22088	0.5	0:12613:0:6	2
22096	0.5	0:12612:0:2	2
22104	0.5	0:0:12610:2	2
22120	0.5	0:12596:0:4	2
22132	0.5	2:0:12609:0	2
22201	0.6666666666666666	2:0:12616:2	3
22203	0.3333333333333333	0:0:12607:12	3
22205	0.3333333333333333	0:5:12609:3	6
22207	0.25	0:4:0:12614	4
22224	0.6666666666666666	0:12615:1:4	3
22225	0.2	2:0:12600:18	10
22227	0.5	0:12616:0:2	2
22289	0.5	0:0:12618:4	2
22290	0.5	0:12621:0:2	2
22295	0.3333333333333333	0:12608:0:13	3
22302	0.5	2:0:12621:0	2
22323	0.1111111111111111	0:12610:0:11	9
22326	0.3333333333333333	0:12572:0:5	3
22335	0.16666666666666666	0:0:12525:6	6
22344	0.3333333333333333	0:0:12232:5	3
22350	0.5	0:12272:0:2	2
22381	0.5	2:0:12286:0	2
22432	0.3333333333333333	0:12337:0:5	3
22441	0.5	0:2:0:12299	2
22444	0.16666666666666666	0:12210:0:34	6
22450	0.3333333333333333	0:12259:0:3	3
22468	0.25	2:0:12243:28	8
22480	0.5	0:12270:0:8	2
22484	0.2	0:0:12286:5	5
22487	0.5	0:3:12284:1	4
22498	0.5	0:12276:0:2	2
22530	0.25	0:12588:0:4	4
22550	0.5	0:12617:0:7	2
22583	0.5	2:0:12623:0	2
22592	0.5	0:0:12621:3	2
22624	0.5	1:12618:0:3	4
22638	0.5	2:0:12609:0	2
22661	0.14285714285714285	0:0:12596:13	7
22687	0.3333333333333333	0:12608:0:3	3
22708	0.5	0:1:12602:6	4
22712	0.5	0:12605:0:3	2
22713	0.2	0:12604:0:5	5
22735	0.5	0:12600:0:3	2
22747	0.5	0:12603:0:2	2
22802	0.14285714285714285	0:12594:9:0	7
22899	0.5	0:0:12555:2	2
22918	0.3333333333333333	0:0:12558:6	3
22988	0.5	7:0:12562:0	2
23029	0.5	0:12563:0:3	2
23032	0.5	0:2:0:12563	2
23042	0.3333333333333333	0:3:0:12560	3
23086	0.2	0:12527:0:21	5
23114	0.3333333333333333	0:12538:0:4	3
23116	0.5	12540:0:0:2	2
23120	0.2	0:0:12537:6	5
23122	0.5	12541:0:0:2	2
23123	0.5	0:12559:0:2	2
23126	0.3333333333333333	0:0:12557:4	3
23127	0.2	0:12560:0:5	5
23185	0.2	0:12602:0:22	5
23191	0.25	0:12620:0:6	4
23202	0.5	1:12621:0:3	4
23230	0.5	0:12624:0:2	2
23248	0.3333333333333333	0:12620:0:5	3
23271	0.6666666666666666	1:12620:0:4	3
23277	0.16666666666666666	0:12618:0:8	6
23285	0.5	0:0:12623:3	2
23311	0.16666666666666666	0:0:12616:9	6
23401	0.25	0:0:12613:11	4
23402	0.5	3:0:12622:0	2
23403	0.08333333333333333	3952:0:8644:0	12
23422	0.4	1:12604:0:18	5
23423	0.5	0:12619:0:4	2
23426	0.375	4:2:12615:3	8
23430	0.16666666666666666	0:12617:0:6	6
23501	0.5	0:0:12624:2	2
23525	0.125	0:12616:0:9	8
23533	0.2	0:12617:0:9	5
23536	0.3333333333333333	0:12616:0:10	3
23557	0.5	0:12622:0:3	2
23575	0.5	0:12603:0:23	2
23586	0.5	12623:0:3:0	2
23590	0.5	0:5:0:12621	2
23592	0.5	12624:0:2:0	2
23593	0.3	1:2:12610:10	10
23604	0.5	2:12616:0:7	4
23611	0.5	3:0:12622:0	2
23613	0.5	0:12623:0:2	2
23625	0.5	0:12621:0:2	2
23628	0.5	0:0:12623:2	2
23635	0.4	0:12615:1:9	5
23638	0.3333333333333333	0:12619:0:5	3
23670	0.5	12623:0:2:0	2
23673	0.5	0:12619:0:6	2
23679	0.3333333333333333	0:12617:0:7	3
23707	0.25	0:12570:0:54	4
23709	0.3333333333333333	0:12620:0:4	3
23731	0.3333333333333333	0:12376:0:243	3
23755	0.4	0:1:12617:6	5
23758	0.5	0:12617:0:5	2
23796	0.5	12622:0:2:0	2
23802	0.5	0:12622:0:3	2
23849	0.5	0:13:0:12613	2
23854	0.5	0:12622:0:2	2
23856	0.3333333333333333	7:0:12613:4	6
23868	0.16666666666666666	0:0:12615:10	6
23873	0.5	0:0:12620:5	2
23874	0.3333333333333333	0:12621:0:3	3
23896	0.5	0:12623:0:2	2
23909	0.5	0:0:12620:2	2
23929	0.3333333333333333	0:12463:0:157	3
23934	0.3333333333333333	0:12617:0:7	3
23986	0.5	0:2:0:12621	2
23987	0.5	0:12621:0:2	2
23996	0.5	0:12619:0:4	2
23997	0.3333333333333333	0:12619:0:3	3
24014	0.5	12623:0:2:0	2
24023	0.25	1:12614:0:10	8
24026	0.4	1:12620:0:4	5
24034	0.1	0:12474:0:147	10
24054	0.3333333333333333	0:12607:0:18	3
24063	0.5	0:2:0:12623	2
24071	0.5	0:5:0:12621	2
24077	0.5	0:0:12606:18	2
24095	0.2	0:0:12617:7	5
24096	0.25	0:12620:0:5	4
24099	0.25	0:12614:0:12	4
24130	0.25	0:12617:0:6	4
24133	0.3333333333333333	0:12616:0:7	3
24138	0.3333333333333333	0:12620:0:3	3
24193	0.5	0:2:12612:5	4
24197	0.5	3:0:12589:27	4
24199	0.3333333333333333	0:0:12616:4	3
24213	0.5	0:12616:0:2	2
24236	0.5	0:0:12618:3	2
24337	0.5	0:12622:0:2	2
24368	0.18181818181818182	0:1:12541:81	11
24370	0.16666666666666666	0:12617:0:6	6
24374	0.3333333333333333	0:12622:0:3	3
24378	0.14285714285714285	0:12610:0:13	7
24381	0.5	0:12621:0:3	2
24382	0.5	0:12621:0:3	2
24390	0.6666666666666666	0:6:12567:2	3
24434	0.5	0:0:12623:2	2
24442	0.5	0:12622:0:2	2
24620	0.5	0:0:12623:2	2
24621	0.3333333333333333	0:12617:0:8	3
24628	0.5	0:2:0:12623	2
24642	0.6666666666666666	0:12614:1:9	3
24694	0.25	12540:0:0:86	4
24710	0.5	12624:0:2:0	2
24757	0.5	0:0:12624:2	2
24774	0.5	12624:0:0:2	2
24794	0.16666666666666666	0:0:12612:13	6
24795	0.3333333333333333	0:12622:0:4	3
24796	0.5	0:2:0:12624	2
24797	0.5	0:12624:0:2	2
24812	0.5	0:0:12622:3	2
24821	0.5	0:0:12622:3	2
24834	0.6666666666666666	1:0:12621:3	3
24844	0.25	0:12620:0:5	4
24862	0.3333333333333333	12557:0:69:0	3
24863	0.25	0:12616:0:10	4
24865	0.5	0:12624:0:2	2
24904	0.14285714285714285	0:12614:0:11	7
24919	0.25	0:12617:0:7	4
24926	0.5	0:0:12623:3	2
24928	0.5	0:0:12624:2	2
24933	0.058823529411764705	0:0:12578:33	17
24959	0.5	0:0:12621:4	2
24964	0.5	0:12620:0:4	2
24990	0.3333333333333333	0:12619:0:6	3
25002	0.3333333333333333	0:12619:0:4	3
25006	0.5	0:12617:0:3	2
25046	0.5	0:12622:2:2	4
25047	0.14285714285714285	0:12618:0:7	7
25048	0.3333333333333333	12620:0:0:5	3
25051	0.5	0:3:0:12623	2
25060	0.5	12622:0:2:0	2
25062	0.5	0:0:12622:2	2
25088	0.3333333333333333	0:0:12618:6	3
25096	0.3333333333333333	0:12620:0:4	3
25135	0.25	0:0:12616:7	4
25169	0.3333333333333333	0:12618:0:3	3
25183	0.6666666666666666	1:0:12619:3	3
25207	0.2	0:12616:0:6	5
25214	0.3333333333333333	0:12618:0:6	3
25217	0.3333333333333333	0:0:12619:5	3
25218	0.14285714285714285	0:0:12616:8	7
25244	0.5	0:2:12617:3	4
25249	0.25	0:0:12616:7	4
25273	0.5	0:2:12614:5	4
25290	0.5	0:0:12620:3	2
25302	0.3333333333333333	0:0:12621:3	3
25311	0.5	0:0:12622:3	2
25315	0.5	12622:0:3:0	2
25317	0.5	0:12622:0:3	2
25318	0.3333333333333333	0:12614:0:11	3
25339	0.3333333333333333	0:12619:0:5	3
25340	0.5	4:0:12620:0	2
25350	0.16666666666666666	0:12513:0:103	6
25352	0.25	0:0:12620:5	4
25354	0.3333333333333333	0:0:12622:3	3
25396	0.5	0:0:12621:2	2
25413	0.2	0:12621:0:5	5
25416	0.3333333333333333	0:12622:0:3	3
25424	0.5	0:0:12623:2	2
25429	0.2	0:0:12325:294	5
25433	0.25	0:12588:0:38	4
25437	0.5	0:0:12624:2	2
25440	0.6	6:1:12617:2	5
25449	0.5	12618:0:4:0	2
25452	0.3333333333333333	0:12618:0:6	3
25455	0.5	0:0:12622:4	2
25459	0.5	0:0:12622:3	2
25460	0.3333333333333333	0:12622:0:4	3
25461	0.5	0:6:0:12620	2
25463	0.5	2:12617:0:6	4
25469	0.3333333333333333	0:12619:0:5	3
25471	0.5	0:3:12620:2	4
25473	0.5	0:4:0:12622	2
25480	0.3333333333333333	0:12623:0:3	3
25483	0.6666666666666666	4:0:12621:1	3
25485	0.5	0:22:0:12604	2
25494	0.16666666666666666	0:0:12614:10	6
25500	0.6666666666666666	2:0:12602:21	3
25511	0.3333333333333333	0:12618:0:6	3
25513	0.5	0:12620:0:4	2
25516	0.5	0:12622:0:2	2
25517	0.3333333333333333	0:12621:0:3	3
25519	0.5	2:0:0:12621	2
25521	0.125	0:12607:0:15	8
25522	0.5	2:0:12623:0	2
25534	0.3333333333333333	0:0:12618:6	3
25539	0.5	0:12623:0:2	2
25549	0.3333333333333333	0:12621:0:4	3
25552	0.5	1:0:12591:32	4
25553	0.5	0:12620:0:3	2
25555	0.3333333333333333	0:0:12621:3	3
25556	0.3333333333333333	0:0:3:12622	3
25563	0.125	0:2:9356:3256	16
25571	0.5	0:12624:0:2	2
25572	0.3333333333333333	0:12601:0:25	3
25584	0.5	0:12622:0:2	2
25587	0.16666666666666666	0:12615:0:9	6
25593	0.3333333333333333	0:15:12603:3	6
25599	0.5	0:0:12623:2	2
25603	0.2	0:12621:0:5	5
25606	0.16666666666666666	0:0:12613:11	6
25613	0.25	0:12622:0:4	4
25614	0.25	0:12621:0:4	4
25624	0.25	0:12618:0:8	4
25626	0.5	0:12623:0:2	2
25644	0.6666666666666666	1:0:12618:6	3
25658	0.2	0:12606:0:6	5
25660	0.3333333333333333	0:0:12609:3	3
25665	0.3333333333333333	0:12610:0:4	3
25672	0.5	1:12601:0:3	4
25677	0.3333333333333333	0:0:12600:3	3
25687	0.3333333333333333	1:0:12594:10	6
25688	0.3333333333333333	9:12515:0:79	6
25690	0.2857142857142857	1:0:12594:8	7
25703	0.6666666666666666	1:12599:0:2	3
25708	0.5	0:12599:0:2	2
25710	0.2	0:12593:0:8	5
25714	0.3333333333333333	0:12590:0:10	3
25720	0.5	0:0:12597:2	2
25721	0.5	0:12597:1:3	4
25724	0.5	0:2:0:12600	2
25726	0.25	0:0:12599:4	4
25728	0.25	0:12598:0:4	4
25731	0.5	0:12593:0:9	2
25767	0.6666666666666666	0:2:12600:2	3
25775	0.5	0:0:12602:4	2
25776	0.5	0:0:12604:2	2
25782	0.3333333333333333	0:12593:0:12	3
25784	0.6666666666666666	0:1:12602:3	3
25785	0.3333333333333333	0:1:12598:7	6
25791	0.3333333333333333	0:12602:0:4	3
25797	0.5	0:12601:0:3	2
25810	0.5	0:12600:3:3	4
25822	0.5	12597:0:5:0	2
25831	0.3333333333333333	0:12594:0:6	3
25844	0.2	0:12592:0:11	5
25854	0.5	0:12601:0:2	2
25855	0.14285714285714285	0:0:12595:8	7
25864	0.5	12602:0:3:0	2
25886	0.25	0:12593:0:6	4
25889	0.5	0:12598:0:2	2
25904	0.1	0:12590:0:18	10
25906	0.14285714285714285	0:0:12598:10	7
25916	0.14285714285714285	0:12578:0:31	7
25919	0.25	0:12608:0:5	4
25936	0.5	0:12619:0:3	2
25947	0.375	1:1:12600:19	8
25948	0.5	12618:0:3:0	2
25979	0.5	0:0:12503:119	2
25980	0.5	12620:4:0:0	2
25981	0.5	3:0:12621:0	2
25993	0.5	2:0:12623:0	2
26013	0.14285714285714285	0:12617:0:9	7
26022	0.3333333333333333	0:12619:0:3	3
26028	0.3333333333333333	0:12609:0:13	3
26029	0.25	16:12606:0:0	4
26042	0.5	0:12618:0:3	2
26045	0.5	12616:0:7:0	2
26056	0.6666666666666666	2:0:12620:1	3
26058	0.25	0:12619:0:4	4
26060	0.3333333333333333	0:12614:0:7	3
26062	0.25	0:0:12615:5	4
26094	0.5	0:10:0:12615	2
26109	0.25	0:0:12621:4	4
26110	0.3333333333333333	0:12620:0:3	3
26111	0.125	0:12616:0:9	8
26124	0.5	0:12616:0:10	2
26144	0.14285714285714285	0:0:11399:1214	7
26151	0.5	0:12622:0:3	2
26152	0.4	12:0:12610:2	5
26176	0.3333333333333333	0:12622:0:4	3
26195	0.5	0:12623:0:3	2
26204	0.3333333333333333	0:12622:0:4	3
26211	0.25	0:0:12613:11	4
26230	0.5	0:0:12621:5	2
26256	0.2	0:12606:0:19	5
26262	0.3333333333333333	4:0:12621:0	3
26270	0.5	0:12622:0:3	2
26313	0.5	0:12623:0:2	2
26314	0.6666666666666666	3:1:12621:0	3
26326	0.5	0:12622:0:3	2
26333	0.3333333333333333	0:12621:0:4	3
26340	0.3333333333333333	0:12618:0:7	3
26408	0.5	0:12618:0:3	2
26416	0.6666666666666666	0:3:12615:4	3
26433	0.3333333333333333	12609:0:13:0	3
26439	0.5	0:0:12620:3	2
26447	0.25	0:12604:2:11	8
26456	0.14285714285714285	0:12610:0:8	7
26461	0.2857142857142857	0:12596:1:21	7
26464	0.14285714285714285	0:12611:0:8	7
26466	0.6666666666666666	2:0:12608:6	3
26497	0.5	0:9:0:12609	2
26501	0.5	0:0:12612:7	2
26526	0.3333333333333333	0:0:12619:5	3
26527	0.14285714285714285	0:12612:0:11	7
26529	0.25	0:0:12610:12	4
26530	0.1111111111111111	12464:0:142:0	9
26533	0.5	0:12615:0:2	2
26545	0.5	0:4:0:12619	2
26549	0.14285714285714285	0:12610:0:12	7
26551	0.5	0:4:0:12619	2
26589	0.6666666666666666	0:2:12621:2	3
26606	0.3333333333333333	0:12623:0:3	3
26607	0.5	0:12623:0:2	2
26620	0.5	0:0:12624:2	2
26622	0.5	0:12624:0:2	2
26625	0.5	0:12609:0:17	2
26640	0.5	0:0:12619:7	2
26642	0.5	0:12624:0:2	2
26660	0.3333333333333333	0:0:12621:4	3
26677	0.5	0:13:0:12612	2
26681	0.06666666666666667	0:12584:0:40	15
26684	0.5	0:12623:0:3	2
26690	0.5	0:0:12624:2	2
26713	0.3333333333333333	0:0:12623:3	3
26727	0.3333333333333333	0:0:12622:4	3
26729	0.25	0:133:0:12490	4
26730	0.4	10:0:12603:12	5
26735	0.06666666666666667	0:12490:0:132	15
26746	0.5	0:0:12621:4	2
26750	0.5	0:12606:0:17	2
26754	0.6666666666666666	1:0:12622:2	3
26763	0.5	0:0:12622:3	2
26768	0.5	0:12624:0:2	2
26775	0.5	0:0:12623:2	2
26779	0.5	0:0:12621:2	2
26781	0.5	0:12616:0:8	2
26801	0.2857142857142857	0:12604:4:5	7
26822	0.5	0:12622:0:2	2
26840	0.5	0:0:12623:2	2
26849	0.4	0:1:12620:5	5
26858	0.5	0:12622:0:4	2
26873	0.14285714285714285	0:12609:0:16	7
26882	0.3333333333333333	0:12619:1:5	6
26894	0.16666666666666666	0:12611:0:8	6
26895	0.16666666666666666	0:12609:0:9	6
26907	0.5	3:12605:5:5	6
26936	0.3333333333333333	0:12600:0:15	3
26951	0.375	34:7:12568:9	8
26959	0.3333333333333333	9:0:12608:0	3
26973	0.5	12615:0:2:0	2
26985	0.3333333333333333	0:12613:0:5	3
26987	0.5	0:3:0:12615	2
26995	0.5	2:0:12616:0	2
27005	0.14285714285714285	0:12606:0:13	7
27008	0.6666666666666666	0:1:12612:6	3
27011	0.5	0:12615:0:2	2
27046	0.08333333333333333	0:12369:0:246	12
27047	0.6666666666666666	3:0:12614:1	3
27059	0.25	0:12610:0:9	4
27092	0.25	0:12615:0:4	4
27128	0.5	0:12614:0:5	2
27131	0.3333333333333333	0:12618:0:3	3
27143	0.5	0:12619:0:2	2
27147	0.5	0:5:12613:3	4
27163	0.5	0:0:12613:7	2
27167	0.3333333333333333	0:12621:0:4	3
27208	0.3333333333333333	0:12618:0:4	3
27213	0.2	0:12619:0:6	5
27214	0.5	0:0:12623:3	2
27217	0.5	0:0:12624:2	2
27219	0.5	0:12624:0:2	2
27222	0.5	0:3:0:12622	2
27230	0.5	0:12624:0:2	2
27261	0.5	1:0:12619:6	4
27263	0.5	0:12622:0:3	2
27276	0.5	0:12619:0:3	2
27281	0.5	0:0:12599:23	2
27294	0.16666666666666666	0:12600:0:21	6
27296	0.5	0:2:0:12622	2
27297	0.5	0:12622:0:2	2
27299	0.2	0:24:0:12600	5
27323	0.5	0:12620:0:2	2
27348	0.5	0:3:0:12619	2
27358	0.5	0:0:12623:2	2
27364	0.6666666666666666	0:2:12622:2	3
27371	0.3333333333333333	0:12621:0:3	3
27382	0.25	0:6:12615:3	8
27383	0.2	12619:0:0:6	5
27384	0.058823529411764705	0:48:0:12576	17
27406	0.5	0:12622:0:2	2
27407	0.5	0:2:0:12622	2
27428	0.3333333333333333	0:4:0:12620	3
27430	0.5	4:0:12620:0	2
27434	0.3333333333333333	0:12620:0:4	3
27441	0.5	0:0:12618:5	2
27476	0.125	0:12613:0:9	8
27478	0.3333333333333333	0:0:12620:3	3
27493	0.3333333333333333	0:12621:0:4	3
27498	0.5	0:12624:0:2	2
27500	0.5	0:12621:0:5	2
27503	0.2	0:12620:0:6	5
27505	0.5	2:0:12624:0	2
27506	0.3333333333333333	0:0:12622:4	3
27509	0.2	0:12620:0:5	5
27513	0.3333333333333333	0:12580:0:7	3
27525	0.5	12568:0:14:0	2
27532	0.5	0:12541:0:4	2
27542	0.5	0:12525:0:10	2
27546	0.3333333333333333	0:3:0:12528	3
27559	0.5	0:12519:0:4	2
27561	0.3333333333333333	0:0:12521:3	3
27577	0.25	0:12522:0:5	4
27595	0.5	0:12520:0:4	2
27600	0.25	0:12520:0:7	4
27603	0.6666666666666666	1:12524:0:2	3
27604	0.6666666666666666	3:0:12541:2	3
27613	0.3333333333333333	0:0:12534:8	3
27618	0.5	0:2:0:12538	2
27630	0.25	0:12527:0:7	4
27635	0.3333333333333333	0:12483:0:52	3
27654	0.5	0:12538:0:2	2
27661	0.5	0:12538:0:3	2
27669	0.6666666666666666	12485:0:59:1	3
27670	0.5	0:1:12542:4	4
27673	0.6666666666666666	2:12547:0:1	3
27679	0.3333333333333333	0:12531:0:16	3
27684	0.3333333333333333	0:12542:0:5	3
27688	0.5	0:12528:0:4	2
27703	0.2	0:0:12526:6	5
27706	0.5	0:0:12533:2	2
27709	0.3333333333333333	0:0:12530:4	3
27722	0.5	0:3:0:12533	2
27741	0.25	0:12531:0:5	4
27751	0.5	12535:0:0:6	2
27752	0.5	0:12536:0:3	2
27754	0.5	0:0:12539:2	2
27759	0.5	12538:0:2:0	2
27769	0.3333333333333333	0:12533:0:5	3
27798	0.6666666666666666	1:0:12561:2	3
27801	0.5	0:6:0:12558	2
27804	0.3333333333333333	0:12560:0:5	3
27807	0.3333333333333333	0:12566:0:3	3
27812	0.5	0:12617:0:6	2
27813	0.5	0:12618:0:6	2
27870	0.6666666666666666	1:0:12618:2	3
27874	0.25	0:12613:0:9	4
27877	0.3333333333333333	0:1:12605:18	6
27879	0.5	0:12621:0:3	2
27881	0.25	0:12618:0:4	4
27883	0.5	0:12622:0:2	2
27911	0.5	0:12621:0:2	2
27915	0.4	4:0:12611:5	5
27919	0.5	0:2:0:12620	2
27920	0.5	1:12618:0:4	4
27922	0.6666666666666666	0:2:5:12615	3
27923	0.3333333333333333	0:12615:0:8	3
27925	0.2	0:12615:0:6	5
27945	0.25	0:12613:0:7	4
27948	0.5	0:0:12619:2	2
27964	0.09090909090909091	0:12292:0:330	11
27970	0.5	0:12617:0:3	2
27972	0.5	0:12619:0:3	2
27981	0.5	0:12619:0:3	2
27987	0.5	1:0:12618:3	4
27999	0.25	0:12618:0:4	4
28000	0.3333333333333333	0:12612:0:10	3
28001	0.2	0:0:12610:9	5
28003	0.5	0:0:12619:3	2
28027	0.5	0:2:12616:3	4
28028	0.5	0:0:12618:2	2
28044	0.5	0:0:12617:2	2
28045	0.3333333333333333	0:12604:0:15	3
28048	0.6666666666666666	0:2:12615:2	3
28054	0.5	0:12617:0:2	2
28059	0.5	0:12616:0:2	2
28077	0.15384615384615385	0:140:12447:28	13
28079	0.3333333333333333	0:0:12613:3	3
28086	0.2	0:0:12584:32	5
28087	0.5	0:12611:1:6	4
28093	0.25	0:12607:0:6	4
28105	0.5	0:3:0:12618	2
28139	0.4	4:12615:0:2	5
28144	0.25	0:1267:0:11343	4
28202	0.6666666666666666	4:0:12616:4	3
28209	0.5	0:1:12617:3	4
28221	0.6666666666666666	0:1:12620:3	3
28233	0.5	4:0:12618:2	4
28253	0.25	8:12591:2:14	12
28254	0.5	12615:3:0:1	4
28280	0.75	1:8:12616:1	4
28281	0.5	12618:0:0:8	2
28282	0.5	8:0:0:12618	2
28290	0.5	0:12624:0:2	2
28291	0.5	0:12624:0:2	2
28297	0.5	0:2:0:12624	2
28300	0.25	0:0:12622:4	4
28308	0.5	0:12624:0:2	2
28310	0.5	3:12620:0:2	4
28311	0.2222222222222222	0:12428:1:185	9
28329	0.6666666666666666	1:0:12620:5	3
28331	0.5	0:12621:0:5	2
28337	0.5	0:0:12623:2	2
28338	0.5	12586:0:40:0	2
28344	0.5	23:12599:0:3	4
28362	0.5	0:0:12623:3	2
28368	0.5	4:0:12622:0	2
28371	0.5	1:0:12620:5	4
28373	0.16666666666666666	0:0:12618:7	6
28377	0.5	0:12619:0:5	2
28378	0.2	1:0:12605:18	10
28380	0.6666666666666666	1:0:12622:3	3
28390	0.5	12623:0:3:0	2
28395	0.6666666666666666	3:0:12617:5	3
28396	0.6666666666666666	3:0:12619:3	3
28399	0.25	0:12621:0:5	4
28432	0.3333333333333333	0:12622:0:4	3
28460	0.5	3:0:12621:0	2
28472	0.5	3:12619:0:2	4
28487	0.6666666666666666	2:1:12620:0	3
28514	0.5	0:0:12598:25	2
28517	0.5	0:0:12618:2	2
28519	0.5	1:12600:0:21	4
28541	0.6666666666666666	1:0:12621:2	3
28567	0.5	0:12621:0:3	2
28580	0.3333333333333333	0:0:12546:74	3
28603	0.25	0:12619:0:4	4
28606	0.2	0:12618:0:6	5
28609	0.5	0:12622:0:2	2
28615	0.5	12621:0:3:0	2
28621	0.5	3:0:12620:0	2
28628	0.5	0:0:12620:4	2
28651	0.5	0:12621:0:2	2
28655	0.2	0:0:12618:5	5
28657	0.125	0:12493:0:129	8
28674	0.3333333333333333	0:12621:0:3	3
28677	0.5	0:12621:0:2	2
28688	0.25	0:150:0:12469	4
28690	0.5	0:0:12614:8	2
28697	0.5	0:12620:0:2	2
28703	0.42857142857142855	1:2:12618:4	7
28706	0.5	0:12623:0:3	2
28708	0.16666666666666666	0:12611:0:14	6
28720	0.3333333333333333	0:12620:0:5	3
28727	0.3333333333333333	0:0:12621:5	3
28737	0.3333333333333333	0:12618:0:8	3
28739	0.2	0:0:12605:21	5
28744	0.25	0:12619:0:5	4
28748	0.5	0:12623:0:3	2
28758	0.5	0:12620:0:6	2
28760	0.5	3:12623:0:0	2
28770	0.3333333333333333	0:12623:0:3	3
28775	0.25	0:12621:0:4	4
28776	0.5	2:12624:0:0	2
28791	0.5	0:12624:0:2	2
28792	0.6666666666666666	12622:0:1:3	3
28807	0.5	0:12622:0:2	2
28808	0.6666666666666666	1:0:12618:3	3
28812	0.14285714285714285	0:0:12605:15	7
28826	0.09090909090909091	0:12604:0:20	11
28827	0.75	1:1:12617:6	4
28835	0.5	0:14:0:12611	2
28836	0.3333333333333333	0:12555:0:68	3
28841	0.5	12620:0:5:0	2
28842	0.3333333333333333	0:0:12597:27	3
28844	0.6666666666666666	0:12619:1:5	3
28845	0.3333333333333333	0:0:12619:6	3
28849	0.2857142857142857	0:12612:2:11	7
28851	0.14285714285714285	0:2:12530:90	14
28852	0.5	0:7:0:12618	2
28854	0.1	0:12406:0:214	10
28857	0.5	10:0:12609:6	4
28863	0.16666666666666666	0:12496:0:125	6
28866	0.5	0:12623:0:2	2
28868	0.3333333333333333	1:12614:0:7	6
28873	0.5	0:12621:0:3	2
28878	0.5	64:3:12552:2	6
28881	0.18181818181818182	2715:0:9876:3	11
28882	0.3333333333333333	2708:0:9882:6	6
28883	0.4	2:2708:9887:0	5
28887	0.08333333333333333	0:12585:0:36	12
28899	0.3333333333333333	3:21:12595:4	9
28930	0.5	0:3:0:12622	2
28948	0.3333333333333333	0:12620:0:4	3
28957	0.3333333333333333	0:12622:0:3	3
28960	0.5	0:0:12622:3	2
28975	0.4	1:0:12620:4	5
28985	0.25	1:0:12616:8	8
29000	0.3333333333333333	0:0:12621:4	3
29013	0.3333333333333333	0:12605:0:19	3
29032	0.3333333333333333	15:0:12609:0	3
29037	0.2	0:12618:0:5	5
29077	0.25	0:12607:0:7	4
29084	0.5	12612:0:3:0	2
29085	0.5	0:12612:0:3	2
29095	0.09090909090909091	0:12564:0:52	11
29119	0.25	0:12611:0:4	4
29122	0.6666666666666666	12611:2:1:0	3
29128	0.5	0:2:0:12611	2
29140	0.2857142857142857	0:1:12598:10	7
29144	0.25	0:12584:0:27	4
29149	0.25	0:12607:0:4	4
29160	0.5	0:12612:0:2	2
29162	0.5	0:0:12612:2	2
29167	0.25	0:12601:0:9	4
29171	0.25	0:12600:0:9	4
29179	0.2	0:0:12595:6	5
29200	0.16666666666666666	0:12583:0:20	6
29218	0.25	0:12600:0:6	4
29227	0.4	3:0:12601:3	5
29229	0.5	2:0:12606:0	2
29239	0.6666666666666666	4:0:12602:3	3
29247	0.5	0:12608:0:2	2
29250	0.3333333333333333	0:12606:0:3	3
29253	0.1111111111111111	0:12594:0:15	9
29254	0.2222222222222222	1:0:12597:12	9
29259	0.5	0:12607:0:2	2
29260	0.5	1:0:12606:3	4
29262	0.3333333333333333	0:0:12608:3	3
29266	0.5	0:0:12610:2	2
29272	0.25	0:12608:0:6	4
29274	0.25	0:12608:0:5	4
29284	0.25	0:12605:0:8	4
29291	0.4	7:0:12605:1	5
29296	0.14285714285714285	0:12613:0:7	7
29311	0.5	0:12618:0:8	2
29315	0.5	0:1:12622:3	4
29321	0.5	0:0:12623:2	2
29332	0.5	0:0:12624:2	2
29347	0.5	0:12624:0:2	2
29348	0.3333333333333333	0:0:12621:5	3
29353	0.1111111111111111	0:12562:0:63	9
29358	0.3333333333333333	1:12611:0:8	6
29360	0.5	0:2:0:12616	2
29362	0.5	0:12615:0:2	2
29364	0.6666666666666666	0:12612:1:3	3
29366	0.3333333333333333	0:12616:0:3	3
29370	0.3333333333333333	0:12612:0:3	3
29392	0.2	0:0:12598:7	5
29399	0.5	0:0:12603:2	2
29402	0.4	0:1:12601:7	5
29403	0.5	12607:0:2:0	2
29405	0.4	4:3:12601:0	5
29409	0.5	0:12608:0:2	2
29410	0.5	0:8:0:12602	2
29413	0.5	12608:0:2:0	2
29415	0.5	0:12607:0:4	2
29416	0.5	0:12611:0:2	2
29420	0.3333333333333333	0:12598:0:14	3
29421	0.6666666666666666	3:12605:0:3	3
29422	0.2857142857142857	2:0:12592:14	7
29425	0.5	4:0:12603:3	4
29431	0.5	0:0:12610:2	2
29440	0.2857142857142857	4:0:12600:4	7
29445	0.25	0:12600:0:8	4
29449	0.25	0:0:12595:14	4
29451	0.25	0:12569:0:43	4
29463	0.5	0:12605:0:2	2
29466	0.25	0:12605:0:4	4
29467	0.5	12606:0:0:3	2
29473	0.5	5:0:12601:0	2
29474	0.25	0:0:12597:6	4
29477	0.2	0:0:12597:5	5
29513	0.3333333333333333	0:0:12619:3	3
29518	0.3333333333333333	0:12619:0:3	3
29523	0.5	0:12621:0:3	2
29527	0.6666666666666666	3:0:12618:2	3
29540	0.6666666666666666	147:0:12465:9	3
29541	0.16666666666666666	0:12612:0:12	6
29543	0.2	0:13:12601:7	10
29546	0.5	2:12608:0:10	4
29553	0.09090909090909091	156:0:12462:0	11
29555	0.2	0:12609:0:7	5
29557	0.3333333333333333	0:0:12612:3	3
29567	0.5	12605:11:1:0	4
29568	0.5	0:4:0:12615	2
29585	0.125	0:12596:0:19	8
29614	0.09090909090909091	0:12601:0:17	11
29625	0.16666666666666666	0:12605:0:14	6
29628	0.5	1:0:12612:3	4
29640	0.2	0:12608:0:7	5
29645	0.5	0:0:12616:2	2
29666	0.3333333333333333	0:12579:0:5	3
29668	0.5	0:12567:0:13	2
29670	0.5	0:12586:0:2	2
29675	0.3333333333333333	0:12579:0:3	3
29679	0.5	0:12582:0:2	2
29680	0.5	0:2:0:12581	2
29686	0.5	1:12559:0:15	4
29688	0.3333333333333333	0:1:12555:5	6
29690	0.5	0:0:12561:2	2
29692	0.3333333333333333	0:0:12556:4	3
29700	0.2	12407:0:134:1	10
29705	0.16666666666666666	0:0:12515:15	6
29706	0.2	0:0:12522:6	5
29711	0.2857142857142857	0:1:12434:95	7
29719	0.5	1:12569:0:4	4
29724	0.5	0:12566:0:2	2
29730	0.5	0:12548:0:2	2
29732	0.2	0:12543:0:7	5
29733	0.2	0:12541:0:8	5
29734	0.5	2:115:12430:2	6
29736	0.42857142857142855	1:1:12542:7	7
29737	0.6	3:1:12532:2	5
29739	0.5	1:12538:0:7	4
29741	0.5	0:12537:0:2	2
29742	0.13333333333333333	74:0:12305:161	15
29743	0.2	0:12533:0:7	5
29745	0.3333333333333333	0:0:12533:7	3
29747	0.5	1:1:12529:6	6
29750	0.5	1:12520:1:4	6
29751	0.42857142857142855	3:9:12510:3	7
29754	0.5	0:12506:1:7	4
29755	0.5	1:0:12503:3	4
29759	0.5	0:0:12504:3	2
29762	0.5	0:12512:0:2	2
29764	0.5	0:0:12514:2	2
29769	0.125	0:12282:0:9	8
29773	0.5	0:0:12264:15	2
29774	0.18181818181818182	1:12265:0:12	11
29776	0.5	12259:0:6:0	2
29779	0.2857142857142857	0:1:12227:12	7
29781	0.5	0:0:12170:2	2
29782	0.5	12129:3:1:0	4
29783	0.25	0:0:12129:5	4
29784	0.3333333333333333	0:12128:0:3	3
29786	0.3333333333333333	0:4:12123:0	3
29810	0.5	2:0:11857:11	4
29816	0.6666666666666666	2:1:0:11834	3
29824	0.5	11795:0:6:0	2
29834	0.5	0:0:2:11317	2
29836	0.3333333333333333	0:11296:0:4	3
29837	0.4	3:6372:0:3	5
29838	0.6666666666666666	4:6265:0:2	3
29839	0.5	6231:0:0:4	2
29840	0.5	0:3:0:6231	2
29841	0.6666666666666666	2:0:6144:1	3
29845	0.75	1:1:2:5791	4
29846	0.3333333333333333	3:0:0:5727	3
29848	0.3333333333333333	6:0:0:5610	3
