187
228
313
379
490
619
884
1059
1076
1302
1314
1397
1401
1427
1437
1457
1515
1594
1684
1820
1904
1912
1917
2018
2113
2164
2416
2480
2558
2940
3037
3096
3177
3253
3373
3787
3871
4113
4255
4320
4390
4402
4540
4668
4838
5062
5784
6027
6040
6310
6363
6573
6693
6696
6990
7011
7420
7423
7438
7479
7765
7834
8078
8090
8293
8653
8782
8917
8950
9223
9438
9474
9477
9479
9514
9598
9724
9962
10188
10277
10319
10323
10369
10450
10507
10582
10712
10771
10789
10851
10874
11001
11083
11109
11195
11417
11801
11916
11919
12076
12710
12781
12832
12880
13402
13517
13536
13568
13730
13862
13929
14184
14408
14724
14741
14747
14786
14805
14877
14912
14925
14937
15243
15277
15324
15380
15438
15720
15760
15960
16206
16260
16289
16329
16381
16616
16762
16887
16912
17014
17126
17247
17373
17410
17470
17639
17690
17747
17858
18060
18713
18744
18788
18877
19170
19484
19488
19524
19684
19839
19999
20031
20134
20148
20268
20270
20275
20578
20755
21058
21137
21452
21575
21614
21624
21648
21707
21724
21998
22225
22444
22468
23086
23185
23403
23422
23575
23707
23731
23929
24034
24054
24077
24197
24368
24694
24862
24933
25350
25429
25433
25485
25500
25521
25552
25563
25572
25904
25916
25947
25979
26028
26029
26144
26256
26461
26530
26625
26681
26729
26735
26750
26936
26951
27046
27281
27294
27299
27384
27635
27669
27679
27964
28077
28086
28144
28311
28338
28344
28378
28514
28519
28580
28657
28688
28739
28826
28836
28842
28851
28854
28863
28878
28881
28882
28883
28887
28899
29013
29095
29144
29200
29353
29451
29540
29543
29553
29585
29614
29686
29700
29734
29742
